%YAML:1.0
---
Matches:
   - [ 0, 155, 0, 6.0723185539245605e-01 ]
   - [ 1, 1, 0, 2.6187974214553833e-01 ]
   - [ 2, 0, 0, 1.9586499035358429e-01 ]
   - [ 3, 1, 0, 2.0315054059028625e-01 ]
   - [ 4, 558, 0, 2.6446539163589478e-01 ]
   - [ 5, 253, 0, 3.9705035090446472e-01 ]
   - [ 6, 252, 0, 2.4737316370010376e-01 ]
   - [ 7, 631, 0, 4.1117352247238159e-01 ]
   - [ 8, 264, 0, 4.5674291253089905e-01 ]
   - [ 9, 263, 0, 3.5676068067550659e-01 ]
   - [ 10, 264, 0, 4.5752415060997009e-01 ]
   - [ 11, 266, 0, 4.3653959035873413e-01 ]
   - [ 12, 14, 0, 2.9125028848648071e-01 ]
   - [ 13, 369, 0, 6.1191338300704956e-01 ]
   - [ 14, 827, 0, 3.3599936962127686e-01 ]
   - [ 15, 267, 0, 5.1523166894912720e-01 ]
   - [ 16, 284, 0, 4.4020804762840271e-01 ]
   - [ 17, 596, 0, 4.9221375584602356e-01 ]
   - [ 18, 247, 0, 5.1089388132095337e-01 ]
   - [ 19, 19, 0, 2.9375004768371582e-01 ]
   - [ 20, 310, 0, 3.8945528864860535e-01 ]
   - [ 21, 113, 0, 4.8051384091377258e-01 ]
   - [ 22, 320, 0, 4.4086539745330811e-01 ]
   - [ 23, 618, 0, 2.5693058967590332e-01 ]
   - [ 24, 113, 0, 4.0804770588874817e-01 ]
   - [ 25, 634, 0, 4.0107885003089905e-01 ]
   - [ 26, 689, 0, 7.0019882917404175e-01 ]
   - [ 27, 28, 0, 4.3799597024917603e-01 ]
   - [ 28, 32, 0, 2.9431307315826416e-01 ]
   - [ 29, 24, 0, 1.7681834101676941e-01 ]
   - [ 30, 39, 0, 2.7673339843750000e-01 ]
   - [ 31, 804, 0, 5.5053007602691650e-01 ]
   - [ 32, 341, 0, 3.7195858359336853e-01 ]
   - [ 33, 286, 0, 2.2744867205619812e-01 ]
   - [ 34, 357, 0, 3.3633956313133240e-01 ]
   - [ 35, 893, 0, 5.8750647306442261e-01 ]
   - [ 36, 361, 0, 5.1470220088958740e-01 ]
   - [ 37, 314, 0, 5.8399933576583862e-01 ]
   - [ 38, 357, 0, 3.8953006267547607e-01 ]
   - [ 39, 364, 0, 4.3131425976753235e-01 ]
   - [ 40, 448, 0, 5.9774380922317505e-01 ]
   - [ 41, 358, 0, 3.9176839590072632e-01 ]
   - [ 42, 344, 0, 2.1627631783485413e-01 ]
   - [ 43, 41, 0, 1.9561207294464111e-01 ]
   - [ 44, 41, 0, 1.8604099750518799e-01 ]
   - [ 45, 44, 0, 2.6721984148025513e-01 ]
   - [ 46, 159, 0, 4.6456876397132874e-01 ]
   - [ 47, 202, 0, 4.6925318241119385e-01 ]
   - [ 48, 49, 0, 4.3673783540725708e-01 ]
   - [ 49, 58, 0, 4.9161750078201294e-01 ]
   - [ 50, 945, 0, 5.6996053457260132e-01 ]
   - [ 51, 3, 0, 5.5145263671875000e-01 ]
   - [ 52, 54, 0, 3.7102010846138000e-01 ]
   - [ 53, 382, 0, 4.6106567978858948e-01 ]
   - [ 54, 377, 0, 4.0520608425140381e-01 ]
   - [ 55, 57, 0, 3.2331737875938416e-01 ]
   - [ 56, 54, 0, 5.0133055448532104e-01 ]
   - [ 57, 55, 0, 2.1638572216033936e-01 ]
   - [ 58, 65, 0, 3.1670379638671875e-01 ]
   - [ 59, 64, 0, 2.4345842003822327e-01 ]
   - [ 60, 396, 0, 3.3541986346244812e-01 ]
   - [ 61, 70, 0, 4.3591755628585815e-01 ]
   - [ 62, 69, 0, 2.3478569090366364e-01 ]
   - [ 63, 71, 0, 1.9107486307621002e-01 ]
   - [ 64, 402, 0, 2.8596681356430054e-01 ]
   - [ 65, 73, 0, 2.8263947367668152e-01 ]
   - [ 66, 335, 0, 3.9699289202690125e-01 ]
   - [ 67, 75, 0, 1.9699703156948090e-01 ]
   - [ 68, 78, 0, 3.6134055256843567e-01 ]
   - [ 69, 74, 0, 1.8526253104209900e-01 ]
   - [ 70, 72, 0, 1.7061944305896759e-01 ]
   - [ 71, 73, 0, 1.6728284955024719e-01 ]
   - [ 72, 86, 0, 4.1557717323303223e-01 ]
   - [ 73, 81, 0, 1.4553163945674896e-01 ]
   - [ 74, 82, 0, 1.7072010040283203e-01 ]
   - [ 75, 90, 0, 2.9241582751274109e-01 ]
   - [ 76, 86, 0, 1.6580864787101746e-01 ]
   - [ 77, 87, 0, 1.6086401045322418e-01 ]
   - [ 78, 92, 0, 2.6138842105865479e-01 ]
   - [ 79, 95, 0, 2.5940826535224915e-01 ]
   - [ 80, 91, 0, 1.5612046420574188e-01 ]
   - [ 81, 94, 0, 2.5528153777122498e-01 ]
   - [ 82, 90, 0, 1.5939189493656158e-01 ]
   - [ 83, 96, 0, 1.4488986134529114e-01 ]
   - [ 84, 89, 0, 1.4620780944824219e-01 ]
   - [ 85, 98, 0, 1.8294388055801392e-01 ]
   - [ 86, 103, 0, 3.0219888687133789e-01 ]
   - [ 87, 98, 0, 3.0592975020408630e-01 ]
   - [ 88, 100, 0, 1.4419628679752350e-01 ]
   - [ 89, 107, 0, 2.3987884819507599e-01 ]
   - [ 90, 104, 0, 1.5992251038551331e-01 ]
   - [ 91, 107, 0, 2.8367719054222107e-01 ]
   - [ 92, 111, 0, 4.0238097310066223e-01 ]
   - [ 93, 479, 0, 5.8670806884765625e-01 ]
   - [ 94, 106, 0, 1.5490815043449402e-01 ]
   - [ 95, 110, 0, 2.4961428344249725e-01 ]
   - [ 96, 116, 0, 2.2846344113349915e-01 ]
   - [ 97, 144, 0, 3.8152509927749634e-01 ]
   - [ 98, 118, 0, 2.9642707109451294e-01 ]
   - [ 99, 115, 0, 1.5866431593894958e-01 ]
   - [ 100, 114, 0, 1.4883141219615936e-01 ]
   - [ 101, 120, 0, 1.9489774107933044e-01 ]
   - [ 102, 117, 0, 1.6129082441329956e-01 ]
   - [ 103, 144, 0, 3.1778925657272339e-01 ]
   - [ 104, 126, 0, 2.1723149716854095e-01 ]
   - [ 105, 119, 0, 2.2338867187500000e-01 ]
   - [ 106, 121, 0, 1.9592036306858063e-01 ]
   - [ 107, 125, 0, 2.1710111200809479e-01 ]
   - [ 108, 128, 0, 1.5968054533004761e-01 ]
   - [ 109, 132, 0, 3.2781621813774109e-01 ]
   - [ 110, 127, 0, 1.7031213641166687e-01 ]
   - [ 111, 135, 0, 2.3894056677818298e-01 ]
   - [ 112, 134, 0, 2.2743545472621918e-01 ]
   - [ 113, 131, 0, 1.7604573071002960e-01 ]
   - [ 114, 450, 0, 3.7969022989273071e-01 ]
   - [ 115, 134, 0, 3.5083669424057007e-01 ]
   - [ 116, 140, 0, 2.0122873783111572e-01 ]
   - [ 117, 473, 0, 4.0109601616859436e-01 ]
   - [ 118, 137, 0, 1.9790253043174744e-01 ]
   - [ 119, 139, 0, 2.0279327034950256e-01 ]
   - [ 120, 158, 0, 4.0386405587196350e-01 ]
   - [ 121, 138, 0, 3.5228365659713745e-01 ]
   - [ 122, 113, 0, 1.1725500226020813e-01 ]
   - [ 123, 455, 0, 3.2803264260292053e-01 ]
   - [ 124, 485, 0, 4.9411910772323608e-01 ]
   - [ 125, 148, 0, 4.1321370005607605e-01 ]
   - [ 126, 152, 0, 3.3176124095916748e-01 ]
   - [ 127, 157, 0, 4.7181060910224915e-01 ]
   - [ 128, 150, 0, 1.7933155596256256e-01 ]
   - [ 129, 155, 0, 2.0070643723011017e-01 ]
   - [ 130, 154, 0, 1.8353098630905151e-01 ]
   - [ 131, 159, 0, 1.9230584800243378e-01 ]
   - [ 132, 178, 0, 4.3691423535346985e-01 ]
   - [ 133, 160, 0, 2.1181677281856537e-01 ]
   - [ 134, 145, 0, 3.0553495883941650e-01 ]
   - [ 135, 178, 0, 3.7556794285774231e-01 ]
   - [ 136, 187, 0, 3.6576285958290100e-01 ]
   - [ 137, 156, 0, 2.4184899032115936e-01 ]
   - [ 138, 189, 0, 3.4347176551818848e-01 ]
   - [ 139, 189, 0, 4.6868419647216797e-01 ]
   - [ 140, 490, 0, 5.0328958034515381e-01 ]
   - [ 141, 164, 0, 1.9337172806262970e-01 ]
   - [ 142, 535, 0, 4.9392306804656982e-01 ]
   - [ 143, 805, 0, 4.6746304631233215e-01 ]
   - [ 144, 155, 0, 5.2889418601989746e-01 ]
   - [ 145, 172, 0, 4.1414234042167664e-01 ]
   - [ 146, 172, 0, 3.2854619622230530e-01 ]
   - [ 147, 177, 0, 3.5625752806663513e-01 ]
   - [ 148, 519, 0, 3.6584019660949707e-01 ]
   - [ 149, 188, 0, 3.9154383540153503e-01 ]
   - [ 150, 179, 0, 1.9146163761615753e-01 ]
   - [ 151, 509, 0, 4.2377525568008423e-01 ]
   - [ 152, 187, 0, 6.0392564535140991e-01 ]
   - [ 153, 173, 0, 4.7339984774589539e-01 ]
   - [ 154, 182, 0, 4.6298903226852417e-01 ]
   - [ 155, 208, 0, 4.6205973625183105e-01 ]
   - [ 156, 191, 0, 5.0266891717910767e-01 ]
   - [ 157, 181, 0, 3.8139075040817261e-01 ]
   - [ 158, 181, 0, 4.2060837149620056e-01 ]
   - [ 159, 518, 0, 4.3161085247993469e-01 ]
   - [ 160, 540, 0, 4.3081390857696533e-01 ]
   - [ 161, 197, 0, 5.2638989686965942e-01 ]
   - [ 162, 540, 0, 4.3289697170257568e-01 ]
   - [ 163, 225, 0, 2.8838148713111877e-01 ]
   - [ 164, 812, 0, 4.9395358562469482e-01 ]
   - [ 165, 536, 0, 4.9687999486923218e-01 ]
   - [ 166, 541, 0, 3.1076726317405701e-01 ]
   - [ 167, 541, 0, 3.7720558047294617e-01 ]
   - [ 168, 205, 0, 3.9581015706062317e-01 ]
   - [ 169, 539, 0, 3.5799998044967651e-01 ]
   - [ 170, 541, 0, 3.4701183438301086e-01 ]
   - [ 171, 214, 0, 3.9179861545562744e-01 ]
   - [ 172, 213, 0, 3.4118479490280151e-01 ]
   - [ 173, 217, 0, 3.3686071634292603e-01 ]
   - [ 174, 205, 0, 5.1412862539291382e-01 ]
   - [ 175, 106, 0, 4.1798833012580872e-01 ]
   - [ 176, 191, 0, 4.3694281578063965e-01 ]
   - [ 177, 212, 0, 3.1370195746421814e-01 ]
   - [ 178, 535, 0, 5.0745499134063721e-01 ]
   - [ 179, 123, 0, 4.4290208816528320e-01 ]
