%YAML:1.0
---
Matches:
   - [ 0, 601, 0, 98. ]
   - [ 1, 243, 0, 77. ]
   - [ 2, 472, 0, 97. ]
   - [ 3, 991, 0, 88. ]
   - [ 4, 11, 0, 70. ]
   - [ 5, 395, 0, 91. ]
   - [ 6, 249, 0, 63. ]
   - [ 7, 31, 0, 90. ]
   - [ 8, 422, 0, 107. ]
   - [ 9, 260, 0, 107. ]
   - [ 10, 261, 0, 98. ]
   - [ 11, 933, 0, 118. ]
   - [ 12, 16, 0, 96. ]
   - [ 13, 17, 0, 85. ]
   - [ 14, 340, 0, 89. ]
   - [ 15, 551, 0, 104. ]
   - [ 16, 255, 0, 89. ]
   - [ 17, 284, 0, 104. ]
   - [ 18, 591, 0, 88. ]
   - [ 19, 21, 0, 69. ]
   - [ 20, 307, 0, 97. ]
   - [ 21, 854, 0, 102. ]
   - [ 22, 389, 0, 112. ]
   - [ 23, 632, 0, 81. ]
   - [ 24, 90, 0, 88. ]
   - [ 25, 604, 0, 96. ]
   - [ 26, 410, 0, 112. ]
   - [ 27, 971, 0, 117. ]
   - [ 28, 34, 0, 86. ]
   - [ 29, 459, 0, 75. ]
   - [ 30, 41, 0, 69. ]
   - [ 31, 791, 0, 112. ]
   - [ 32, 283, 0, 76. ]
   - [ 33, 354, 0, 110. ]
   - [ 34, 18, 0, 111. ]
   - [ 35, 145, 0, 96. ]
   - [ 36, 50, 0, 112. ]
   - [ 37, 593, 0, 125. ]
   - [ 38, 816, 0, 112. ]
   - [ 39, 617, 0, 142. ]
   - [ 40, 124, 0, 140. ]
   - [ 41, 37, 0, 85. ]
   - [ 42, 356, 0, 96. ]
   - [ 43, 43, 0, 73. ]
   - [ 44, 811, 0, 103. ]
   - [ 45, 113, 0, 110. ]
   - [ 46, 55, 0, 86. ]
   - [ 47, 51, 0, 86. ]
   - [ 48, 410, 0, 125. ]
   - [ 49, 990, 0, 121. ]
   - [ 50, 902, 0, 107. ]
   - [ 51, 379, 0, 123. ]
   - [ 52, 956, 0, 113. ]
   - [ 53, 276, 0, 102. ]
   - [ 54, 59, 0, 60. ]
   - [ 55, 132, 0, 117. ]
   - [ 56, 57, 0, 47. ]
   - [ 57, 67, 0, 73. ]
   - [ 58, 66, 0, 45. ]
   - [ 59, 314, 0, 83. ]
   - [ 60, 346, 0, 132. ]
   - [ 61, 71, 0, 84. ]
   - [ 62, 73, 0, 81. ]
   - [ 63, 657, 0, 127. ]
   - [ 64, 90, 0, 122. ]
   - [ 65, 621, 0, 105. ]
   - [ 66, 77, 0, 35. ]
   - [ 67, 80, 0, 96. ]
   - [ 68, 76, 0, 63. ]
   - [ 69, 74, 0, 75. ]
   - [ 70, 76, 0, 87. ]
   - [ 71, 8, 0, 130. ]
   - [ 72, 83, 0, 97. ]
   - [ 73, 84, 0, 93. ]
   - [ 74, 674, 0, 139. ]
   - [ 75, 714, 0, 120. ]
   - [ 76, 552, 0, 128. ]
   - [ 77, 140, 0, 127. ]
   - [ 78, 89, 0, 106. ]
   - [ 79, 93, 0, 131. ]
   - [ 80, 843, 0, 149. ]
   - [ 81, 92, 0, 48. ]
   - [ 82, 98, 0, 67. ]
   - [ 83, 91, 0, 49. ]
   - [ 84, 917, 0, 136. ]
   - [ 85, 105, 0, 129. ]
   - [ 86, 950, 0, 155. ]
   - [ 87, 102, 0, 64. ]
   - [ 88, 109, 0, 87. ]
   - [ 89, 106, 0, 89. ]
   - [ 90, 1075, 0, 127. ]
   - [ 91, 975, 0, 119. ]
   - [ 92, 821, 0, 100. ]
   - [ 93, 110, 0, 83. ]
   - [ 94, 112, 0, 126. ]
   - [ 95, 938, 0, 137. ]
   - [ 96, 161, 0, 94. ]
   - [ 97, 120, 0, 98. ]
   - [ 98, 117, 0, 59. ]
   - [ 99, 116, 0, 63. ]
   - [ 100, 125, 0, 129. ]
   - [ 101, 1077, 0, 141. ]
   - [ 102, 143, 0, 102. ]
   - [ 103, 128, 0, 88. ]
   - [ 104, 121, 0, 59. ]
   - [ 105, 979, 0, 132. ]
   - [ 106, 128, 0, 91. ]
   - [ 107, 347, 0, 134. ]
   - [ 108, 60, 0, 100. ]
   - [ 109, 129, 0, 56. ]
   - [ 110, 137, 0, 68. ]
   - [ 111, 136, 0, 104. ]
   - [ 112, 133, 0, 46. ]
   - [ 113, 283, 0, 100. ]
   - [ 114, 443, 0, 109. ]
   - [ 115, 555, 0, 109. ]
   - [ 116, 470, 0, 77. ]
   - [ 117, 139, 0, 43. ]
   - [ 118, 141, 0, 74. ]
   - [ 119, 160, 0, 69. ]
   - [ 120, 397, 0, 97. ]
   - [ 121, 115, 0, 30. ]
   - [ 122, 452, 0, 95. ]
   - [ 123, 162, 0, 103. ]
   - [ 124, 150, 0, 74. ]
   - [ 125, 154, 0, 63. ]
   - [ 126, 159, 0, 104. ]
   - [ 127, 152, 0, 72. ]
   - [ 128, 157, 0, 33. ]
   - [ 129, 156, 0, 18. ]
   - [ 130, 161, 0, 30. ]
   - [ 131, 854, 0, 118. ]
   - [ 132, 162, 0, 22. ]
   - [ 133, 147, 0, 48. ]
   - [ 134, 854, 0, 147. ]
   - [ 135, 151, 0, 114. ]
   - [ 136, 158, 0, 91. ]
   - [ 137, 81, 0, 116. ]
   - [ 138, 81, 0, 103. ]
   - [ 139, 957, 0, 126. ]
   - [ 140, 166, 0, 44. ]
   - [ 141, 165, 0, 112. ]
   - [ 142, 160, 0, 104. ]
   - [ 143, 839, 0, 99. ]
   - [ 144, 174, 0, 106. ]
   - [ 145, 174, 0, 38. ]
   - [ 146, 187, 0, 122. ]
   - [ 147, 516, 0, 106. ]
   - [ 148, 515, 0, 77. ]
   - [ 149, 179, 0, 119. ]
   - [ 150, 175, 0, 84. ]
   - [ 151, 209, 0, 113. ]
   - [ 152, 175, 0, 99. ]
   - [ 153, 194, 0, 90. ]
   - [ 154, 209, 0, 95. ]
   - [ 155, 806, 0, 93. ]
   - [ 156, 566, 0, 136. ]
   - [ 157, 910, 0, 117. ]
   - [ 158, 1008, 0, 117. ]
   - [ 159, 200, 0, 116. ]
   - [ 160, 921, 0, 142. ]
   - [ 161, 838, 0, 130. ]
   - [ 162, 563, 0, 96. ]
   - [ 163, 764, 0, 128. ]
   - [ 164, 776, 0, 128. ]
   - [ 165, 891, 0, 133. ]
   - [ 166, 641, 0, 142. ]
   - [ 167, 81, 0, 138. ]
   - [ 168, 536, 0, 140. ]
   - [ 169, 740, 0, 132. ]
   - [ 170, 212, 0, 101. ]
   - [ 171, 413, 0, 145. ]
   - [ 172, 546, 0, 130. ]
   - [ 173, 147, 0, 132. ]
   - [ 174, 427, 0, 121. ]
   - [ 175, 193, 0, 110. ]
   - [ 176, 23, 0, 115. ]
   - [ 177, 978, 0, 128. ]
   - [ 178, 493, 0, 147. ]
   - [ 179, 741, 0, 135. ]
   - [ 180, 100, 0, 137. ]
   - [ 181, 946, 0, 133. ]
   - [ 182, 167, 0, 91. ]
   - [ 183, 589, 0, 123. ]
   - [ 184, 224, 0, 117. ]
   - [ 185, 224, 0, 109. ]
   - [ 186, 23, 0, 136. ]
   - [ 187, 17, 0, 108. ]
   - [ 188, 436, 0, 128. ]
   - [ 189, 660, 0, 126. ]
   - [ 190, 202, 0, 103. ]
   - [ 191, 17, 0, 122. ]
   - [ 192, 227, 0, 112. ]
   - [ 193, 224, 0, 93. ]
   - [ 194, 23, 0, 133. ]
   - [ 195, 224, 0, 131. ]
   - [ 196, 17, 0, 99. ]
   - [ 197, 589, 0, 95. ]
   - [ 198, 675, 0, 135. ]
   - [ 199, 535, 0, 149. ]
   - [ 200, 707, 0, 144. ]
   - [ 201, 1041, 0, 131. ]
   - [ 202, 835, 0, 128. ]
   - [ 203, 405, 0, 121. ]
   - [ 204, 36, 0, 128. ]
   - [ 205, 999, 0, 98. ]
   - [ 206, 322, 0, 130. ]
   - [ 207, 218, 0, 79. ]
   - [ 208, 228, 0, 90. ]
   - [ 209, 763, 0, 120. ]
   - [ 210, 773, 0, 88. ]
   - [ 211, 298, 0, 120. ]
   - [ 212, 217, 0, 67. ]
   - [ 213, 174, 0, 119. ]
   - [ 214, 288, 0, 119. ]
   - [ 215, 215, 0, 121. ]
   - [ 216, 151, 0, 144. ]
   - [ 217, 226, 0, 92. ]
   - [ 218, 33, 0, 106. ]
   - [ 219, 784, 0, 131. ]
   - [ 220, 481, 0, 133. ]
   - [ 221, 221, 0, 108. ]
   - [ 222, 234, 0, 75. ]
   - [ 223, 237, 0, 66. ]
   - [ 224, 58, 0, 121. ]
   - [ 225, 360, 0, 125. ]
   - [ 226, 459, 0, 77. ]
   - [ 227, 356, 0, 126. ]
   - [ 228, 621, 0, 102. ]
   - [ 229, 230, 0, 90. ]
   - [ 230, 560, 0, 116. ]
   - [ 231, 520, 0, 120. ]
   - [ 232, 14, 0, 104. ]
   - [ 233, 475, 0, 91. ]
   - [ 234, 315, 0, 78. ]
   - [ 235, 604, 0, 110. ]
   - [ 236, 0, 0, 87. ]
   - [ 237, 305, 0, 88. ]
   - [ 238, 220, 0, 75. ]
   - [ 239, 42, 0, 135. ]
   - [ 240, 50, 0, 91. ]
   - [ 241, 220, 0, 69. ]
   - [ 242, 214, 0, 111. ]
   - [ 243, 573, 0, 90. ]
   - [ 244, 571, 0, 55. ]
   - [ 245, 575, 0, 59. ]
   - [ 246, 502, 0, 139. ]
   - [ 247, 247, 0, 107. ]
   - [ 248, 579, 0, 63. ]
   - [ 249, 248, 0, 88. ]
   - [ 250, 402, 0, 92. ]
   - [ 251, 1067, 0, 128. ]
   - [ 252, 252, 0, 73. ]
   - [ 253, 593, 0, 136. ]
   - [ 254, 578, 0, 89. ]
   - [ 255, 584, 0, 72. ]
   - [ 256, 585, 0, 64. ]
   - [ 257, 209, 0, 114. ]
   - [ 258, 587, 0, 103. ]
   - [ 259, 479, 0, 103. ]
   - [ 260, 266, 0, 116. ]
   - [ 261, 588, 0, 75. ]
   - [ 262, 875, 0, 116. ]
   - [ 263, 309, 0, 131. ]
   - [ 264, 155, 0, 80. ]
   - [ 265, 389, 0, 88. ]
   - [ 266, 593, 0, 57. ]
   - [ 267, 306, 0, 98. ]
   - [ 268, 249, 0, 83. ]
   - [ 269, 81, 0, 114. ]
   - [ 270, 991, 0, 118. ]
   - [ 271, 511, 0, 133. ]
   - [ 272, 265, 0, 52. ]
   - [ 273, 511, 0, 148. ]
   - [ 274, 160, 0, 95. ]
   - [ 275, 242, 0, 111. ]
   - [ 276, 167, 0, 85. ]
   - [ 277, 603, 0, 86. ]
   - [ 278, 599, 0, 80. ]
   - [ 279, 173, 0, 105. ]
   - [ 280, 272, 0, 42. ]
   - [ 281, 591, 0, 78. ]
   - [ 282, 397, 0, 97. ]
   - [ 283, 275, 0, 62. ]
   - [ 284, 50, 0, 104. ]
   - [ 285, 601, 0, 91. ]
   - [ 286, 279, 0, 73. ]
   - [ 287, 289, 0, 64. ]
   - [ 288, 6, 0, 89. ]
   - [ 289, 278, 0, 62. ]
   - [ 290, 239, 0, 93. ]
   - [ 291, 278, 0, 54. ]
   - [ 292, 29, 0, 122. ]
   - [ 293, 813, 0, 114. ]
   - [ 294, 303, 0, 52. ]
   - [ 295, 301, 0, 114. ]
   - [ 296, 617, 0, 94. ]
   - [ 297, 308, 0, 46. ]
   - [ 298, 294, 0, 86. ]
   - [ 299, 653, 0, 98. ]
   - [ 300, 291, 0, 71. ]
   - [ 301, 295, 0, 88. ]
   - [ 302, 22, 0, 112. ]
   - [ 303, 290, 0, 75. ]
   - [ 304, 298, 0, 61. ]
   - [ 305, 627, 0, 80. ]
   - [ 306, 307, 0, 113. ]
