%YAML:1.0
---
Matches:
   - [ 0, 160, 0, 3.8453283309936523e+00 ]
   - [ 1, 1, 0, 1.4961092472076416e+00 ]
   - [ 2, 0, 0, 1.1839435100555420e+00 ]
   - [ 3, 1, 0, 1.1376504898071289e+00 ]
   - [ 4, 558, 0, 1.5110305547714233e+00 ]
   - [ 5, 253, 0, 2.3024563789367676e+00 ]
   - [ 6, 252, 0, 1.4971919059753418e+00 ]
   - [ 7, 631, 0, 2.3271856307983398e+00 ]
   - [ 8, 264, 0, 2.9900083541870117e+00 ]
   - [ 9, 263, 0, 2.1497554779052734e+00 ]
   - [ 10, 264, 0, 2.6495032310485840e+00 ]
   - [ 11, 266, 0, 2.3448503017425537e+00 ]
   - [ 12, 14, 0, 1.7324417829513550e+00 ]
   - [ 13, 369, 0, 3.5968947410583496e+00 ]
   - [ 14, 33, 0, 1.9438472986221313e+00 ]
   - [ 15, 267, 0, 3.1214482784271240e+00 ]
   - [ 16, 284, 0, 2.5196824073791504e+00 ]
   - [ 17, 287, 0, 2.6459090709686279e+00 ]
   - [ 18, 247, 0, 2.8106989860534668e+00 ]
   - [ 19, 19, 0, 1.5548381805419922e+00 ]
   - [ 20, 310, 0, 2.1642944812774658e+00 ]
   - [ 21, 307, 0, 2.6326160430908203e+00 ]
   - [ 22, 320, 0, 2.4491069316864014e+00 ]
   - [ 23, 618, 0, 1.4399498701095581e+00 ]
   - [ 24, 113, 0, 2.3714876174926758e+00 ]
   - [ 25, 335, 0, 2.3121252059936523e+00 ]
   - [ 26, 400, 0, 4.2964553833007813e+00 ]
   - [ 27, 325, 0, 2.5551817417144775e+00 ]
   - [ 28, 32, 0, 1.7394187450408936e+00 ]
   - [ 29, 24, 0, 1.0638824701309204e+00 ]
   - [ 30, 39, 0, 1.7350536584854126e+00 ]
   - [ 31, 804, 0, 3.4741582870483398e+00 ]
   - [ 32, 341, 0, 2.3039498329162598e+00 ]
   - [ 33, 375, 0, 1.2717853784561157e+00 ]
   - [ 34, 357, 0, 2.2020177841186523e+00 ]
   - [ 35, 30, 0, 3.5570032596588135e+00 ]
   - [ 36, 361, 0, 3.1870055198669434e+00 ]
   - [ 37, 314, 0, 3.5398182868957520e+00 ]
   - [ 38, 357, 0, 2.5158305168151855e+00 ]
   - [ 39, 656, 0, 2.5843796730041504e+00 ]
   - [ 40, 775, 0, 3.5741605758666992e+00 ]
   - [ 41, 358, 0, 2.4596533775329590e+00 ]
   - [ 42, 35, 0, 1.1785925626754761e+00 ]
   - [ 43, 37, 0, 1.0927939414978027e+00 ]
   - [ 44, 41, 0, 1.0701956748962402e+00 ]
   - [ 45, 44, 0, 1.6326032876968384e+00 ]
   - [ 46, 159, 0, 2.9378678798675537e+00 ]
   - [ 47, 202, 0, 2.8297774791717529e+00 ]
   - [ 48, 49, 0, 2.3864502906799316e+00 ]
   - [ 49, 58, 0, 3.2313864231109619e+00 ]
   - [ 50, 201, 0, 3.2328531742095947e+00 ]
   - [ 51, 3, 0, 3.4600439071655273e+00 ]
   - [ 52, 54, 0, 2.2622003555297852e+00 ]
   - [ 53, 382, 0, 2.7267119884490967e+00 ]
   - [ 54, 377, 0, 2.2183010578155518e+00 ]
   - [ 55, 57, 0, 1.6048289537429810e+00 ]
   - [ 56, 54, 0, 2.9793219566345215e+00 ]
   - [ 57, 55, 0, 1.4471300840377808e+00 ]
   - [ 58, 65, 0, 1.7701975107192993e+00 ]
   - [ 59, 64, 0, 1.4691113233566284e+00 ]
   - [ 60, 396, 0, 2.0191698074340820e+00 ]
   - [ 61, 70, 0, 2.8003525733947754e+00 ]
   - [ 62, 69, 0, 1.3722391128540039e+00 ]
   - [ 63, 71, 0, 1.1838133335113525e+00 ]
   - [ 64, 402, 0, 1.8011897802352905e+00 ]
   - [ 65, 73, 0, 1.6922298669815063e+00 ]
   - [ 66, 335, 0, 2.4423499107360840e+00 ]
   - [ 67, 75, 0, 1.2187938690185547e+00 ]
   - [ 68, 78, 0, 2.1635007858276367e+00 ]
   - [ 69, 74, 0, 1.1828116178512573e+00 ]
   - [ 70, 72, 0, 1.0859646797180176e+00 ]
   - [ 71, 73, 0, 1.0044351816177368e+00 ]
   - [ 72, 85, 0, 2.5402696132659912e+00 ]
   - [ 73, 81, 0, 8.8431704044342041e-01 ]
   - [ 74, 82, 0, 9.9817311763763428e-01 ]
   - [ 75, 90, 0, 1.8118243217468262e+00 ]
   - [ 76, 86, 0, 9.7742336988449097e-01 ]
   - [ 77, 87, 0, 9.8654240369796753e-01 ]
   - [ 78, 92, 0, 1.4713652133941650e+00 ]
   - [ 79, 95, 0, 1.6422660350799561e+00 ]
   - [ 80, 91, 0, 9.2279452085494995e-01 ]
   - [ 81, 94, 0, 1.5178295373916626e+00 ]
   - [ 82, 90, 0, 9.8773384094238281e-01 ]
   - [ 83, 96, 0, 8.9267259836196899e-01 ]
   - [ 84, 89, 0, 9.3705672025680542e-01 ]
   - [ 85, 98, 0, 1.0503984689712524e+00 ]
   - [ 86, 103, 0, 1.8892390727996826e+00 ]
   - [ 87, 98, 0, 1.8604183197021484e+00 ]
   - [ 88, 100, 0, 8.4480935335159302e-01 ]
   - [ 89, 107, 0, 1.3383380174636841e+00 ]
   - [ 90, 104, 0, 1.0531417131423950e+00 ]
   - [ 91, 109, 0, 1.6549150943756104e+00 ]
   - [ 92, 111, 0, 2.1022832393646240e+00 ]
   - [ 93, 479, 0, 3.6915636062622070e+00 ]
   - [ 94, 106, 0, 9.9421179294586182e-01 ]
   - [ 95, 110, 0, 1.5340059995651245e+00 ]
   - [ 96, 116, 0, 1.1882809400558472e+00 ]
   - [ 97, 144, 0, 2.1703553199768066e+00 ]
   - [ 98, 118, 0, 1.6567144393920898e+00 ]
   - [ 99, 115, 0, 1.0245016813278198e+00 ]
   - [ 100, 114, 0, 9.0387523174285889e-01 ]
   - [ 101, 120, 0, 1.2063760757446289e+00 ]
   - [ 102, 117, 0, 9.3709492683410645e-01 ]
   - [ 103, 144, 0, 1.8764901161193848e+00 ]
   - [ 104, 126, 0, 1.2170277833938599e+00 ]
   - [ 105, 119, 0, 1.3189190626144409e+00 ]
   - [ 106, 121, 0, 1.1869299411773682e+00 ]
   - [ 107, 125, 0, 1.2639924287796021e+00 ]
   - [ 108, 128, 0, 1.0109587907791138e+00 ]
   - [ 109, 132, 0, 1.8460177183151245e+00 ]
   - [ 110, 127, 0, 1.0311599969863892e+00 ]
   - [ 111, 135, 0, 1.4843404293060303e+00 ]
   - [ 112, 134, 0, 1.3984102010726929e+00 ]
   - [ 113, 131, 0, 1.0194362401962280e+00 ]
   - [ 114, 450, 0, 2.3064119815826416e+00 ]
   - [ 115, 446, 0, 2.1051032543182373e+00 ]
   - [ 116, 140, 0, 1.3173701763153076e+00 ]
   - [ 117, 473, 0, 2.5155417919158936e+00 ]
   - [ 118, 137, 0, 1.1112216711044312e+00 ]
   - [ 119, 139, 0, 1.3126296997070313e+00 ]
   - [ 120, 158, 0, 2.5035398006439209e+00 ]
   - [ 121, 446, 0, 2.1245234012603760e+00 ]
   - [ 122, 113, 0, 7.6246380805969238e-01 ]
   - [ 123, 455, 0, 1.8292078971862793e+00 ]
   - [ 124, 485, 0, 3.1915838718414307e+00 ]
   - [ 125, 148, 0, 2.4042115211486816e+00 ]
   - [ 126, 152, 0, 2.1891093254089355e+00 ]
   - [ 127, 157, 0, 2.7454571723937988e+00 ]
   - [ 128, 150, 0, 1.1204462051391602e+00 ]
   - [ 129, 155, 0, 1.2128219604492188e+00 ]
   - [ 130, 154, 0, 1.1376397609710693e+00 ]
   - [ 131, 159, 0, 1.2321752309799194e+00 ]
   - [ 132, 178, 0, 2.6467123031616211e+00 ]
   - [ 133, 160, 0, 1.3295696973800659e+00 ]
   - [ 134, 145, 0, 1.8662929534912109e+00 ]
   - [ 135, 178, 0, 2.0157053470611572e+00 ]
   - [ 136, 187, 0, 2.1062390804290771e+00 ]
   - [ 137, 156, 0, 1.4325854778289795e+00 ]
   - [ 138, 189, 0, 1.8040869235992432e+00 ]
   - [ 139, 189, 0, 2.6587653160095215e+00 ]
   - [ 140, 490, 0, 3.1049399375915527e+00 ]
   - [ 141, 164, 0, 1.0877401828765869e+00 ]
   - [ 142, 488, 0, 2.7199530601501465e+00 ]
   - [ 143, 805, 0, 2.8318800926208496e+00 ]
   - [ 144, 155, 0, 2.8059775829315186e+00 ]
   - [ 145, 172, 0, 2.5103194713592529e+00 ]
   - [ 146, 172, 0, 1.7767232656478882e+00 ]
   - [ 147, 177, 0, 2.1420795917510986e+00 ]
   - [ 148, 519, 0, 2.2164924144744873e+00 ]
   - [ 149, 188, 0, 2.3626859188079834e+00 ]
   - [ 150, 179, 0, 1.2093329429626465e+00 ]
   - [ 151, 509, 0, 2.3425316810607910e+00 ]
   - [ 152, 168, 0, 3.9263637065887451e+00 ]
   - [ 153, 173, 0, 2.6654665470123291e+00 ]
   - [ 154, 182, 0, 2.8464212417602539e+00 ]
   - [ 155, 208, 0, 2.3938062191009521e+00 ]
   - [ 156, 514, 0, 3.1355001926422119e+00 ]
   - [ 157, 181, 0, 2.4116649627685547e+00 ]
   - [ 158, 181, 0, 2.6536664962768555e+00 ]
   - [ 159, 518, 0, 2.6671385765075684e+00 ]
   - [ 160, 540, 0, 2.7263264656066895e+00 ]
   - [ 161, 547, 0, 3.1709079742431641e+00 ]
   - [ 162, 540, 0, 2.7859029769897461e+00 ]
   - [ 163, 225, 0, 1.5831249952316284e+00 ]
   - [ 164, 518, 0, 2.9025082588195801e+00 ]
   - [ 165, 536, 0, 3.1677491664886475e+00 ]
   - [ 166, 541, 0, 1.8451889753341675e+00 ]
   - [ 167, 541, 0, 2.4066395759582520e+00 ]
   - [ 168, 205, 0, 2.2724997997283936e+00 ]
   - [ 169, 539, 0, 2.3962163925170898e+00 ]
   - [ 170, 541, 0, 2.2264320850372314e+00 ]
   - [ 171, 214, 0, 2.3802096843719482e+00 ]
   - [ 172, 213, 0, 2.1885931491851807e+00 ]
   - [ 173, 217, 0, 2.0707538127899170e+00 ]
   - [ 174, 205, 0, 3.2892870903015137e+00 ]
   - [ 175, 106, 0, 2.6295127868652344e+00 ]
   - [ 176, 191, 0, 2.5943727493286133e+00 ]
   - [ 177, 212, 0, 1.9608575105667114e+00 ]
   - [ 178, 535, 0, 2.9582016468048096e+00 ]
   - [ 179, 203, 0, 2.6875233650207520e+00 ]
