%YAML:1.0
---
Matches:
   - [ 0, 250, 0, 2290. ]
   - [ 1, 241, 0, 2225. ]
   - [ 2, 0, 0, 2411. ]
   - [ 3, 241, 0, 1989. ]
   - [ 4, 11, 0, 1373. ]
   - [ 5, 274, 0, 2727. ]
   - [ 6, 249, 0, 1675. ]
   - [ 7, 793, 0, 2176. ]
   - [ 8, 455, 0, 2989. ]
   - [ 9, 260, 0, 2857. ]
   - [ 10, 278, 0, 2498. ]
   - [ 11, 933, 0, 3195. ]
   - [ 12, 16, 0, 2886. ]
   - [ 13, 11, 0, 1942. ]
   - [ 14, 245, 0, 1850. ]
   - [ 15, 726, 0, 2912. ]
   - [ 16, 591, 0, 2241. ]
   - [ 17, 284, 0, 3399. ]
   - [ 18, 255, 0, 2536. ]
   - [ 19, 21, 0, 1848. ]
   - [ 20, 237, 0, 2734. ]
   - [ 21, 145, 0, 2338. ]
   - [ 22, 389, 0, 2679. ]
   - [ 23, 7, 0, 2091. ]
   - [ 24, 74, 0, 2148. ]
   - [ 25, 604, 0, 2333. ]
   - [ 26, 389, 0, 2721. ]
   - [ 27, 745, 0, 2687. ]
   - [ 28, 34, 0, 2380. ]
   - [ 29, 992, 0, 2262. ]
   - [ 30, 41, 0, 1591. ]
   - [ 31, 35, 0, 3018. ]
   - [ 32, 679, 0, 2121. ]
   - [ 33, 37, 0, 3191. ]
   - [ 34, 286, 0, 3111. ]
   - [ 35, 358, 0, 2421. ]
   - [ 36, 1030, 0, 2381. ]
   - [ 37, 352, 0, 3506. ]
   - [ 38, 887, 0, 2705. ]
   - [ 39, 893, 0, 3299. ]
   - [ 40, 218, 0, 3914. ]
   - [ 41, 586, 0, 2643. ]
   - [ 42, 39, 0, 2973. ]
   - [ 43, 43, 0, 1749. ]
   - [ 44, 353, 0, 2612. ]
   - [ 45, 697, 0, 2386. ]
   - [ 46, 55, 0, 2087. ]
   - [ 47, 51, 0, 2344. ]
   - [ 48, 998, 0, 3424. ]
   - [ 49, 839, 0, 2929. ]
   - [ 50, 581, 0, 2355. ]
   - [ 51, 367, 0, 3445. ]
   - [ 52, 33, 0, 3296. ]
   - [ 53, 365, 0, 2438. ]
   - [ 54, 59, 0, 1936. ]
   - [ 55, 1080, 0, 3015. ]
   - [ 56, 57, 0, 1630. ]
   - [ 57, 67, 0, 2117. ]
   - [ 58, 66, 0, 1179. ]
   - [ 59, 314, 0, 2028. ]
   - [ 60, 409, 0, 3565. ]
   - [ 61, 71, 0, 2622. ]
   - [ 62, 73, 0, 2600. ]
   - [ 63, 30, 0, 3331. ]
   - [ 64, 313, 0, 3556. ]
   - [ 65, 498, 0, 2718. ]
   - [ 66, 77, 0, 1329. ]
   - [ 67, 80, 0, 2365. ]
   - [ 68, 76, 0, 1967. ]
   - [ 69, 74, 0, 2558. ]
   - [ 70, 76, 0, 2415. ]
   - [ 71, 8, 0, 2805. ]
   - [ 72, 83, 0, 2966. ]
   - [ 73, 84, 0, 2205. ]
   - [ 74, 74, 0, 3634. ]
   - [ 75, 714, 0, 2921. ]
   - [ 76, 426, 0, 3013. ]
   - [ 77, 163, 0, 3310. ]
   - [ 78, 89, 0, 2816. ]
   - [ 79, 429, 0, 3217. ]
   - [ 80, 843, 0, 3925. ]
   - [ 81, 92, 0, 1601. ]
   - [ 82, 98, 0, 1835. ]
   - [ 83, 91, 0, 1136. ]
   - [ 84, 917, 0, 3470. ]
   - [ 85, 105, 0, 3496. ]
   - [ 86, 564, 0, 3828. ]
   - [ 87, 102, 0, 1967. ]
   - [ 88, 109, 0, 2498. ]
   - [ 89, 106, 0, 2041. ]
   - [ 90, 938, 0, 3730. ]
   - [ 91, 975, 0, 3097. ]
   - [ 92, 864, 0, 2752. ]
   - [ 93, 110, 0, 1809. ]
   - [ 94, 112, 0, 3103. ]
   - [ 95, 431, 0, 3392. ]
   - [ 96, 161, 0, 2671. ]
   - [ 97, 532, 0, 3127. ]
   - [ 98, 117, 0, 2354. ]
   - [ 99, 116, 0, 1676. ]
   - [ 100, 125, 0, 2813. ]
   - [ 101, 1077, 0, 3687. ]
   - [ 102, 161, 0, 2666. ]
   - [ 103, 128, 0, 2023. ]
   - [ 104, 121, 0, 1315. ]
   - [ 105, 979, 0, 3942. ]
   - [ 106, 128, 0, 2282. ]
   - [ 107, 316, 0, 3294. ]
   - [ 108, 13, 0, 2664. ]
   - [ 109, 129, 0, 1314. ]
   - [ 110, 475, 0, 2052. ]
   - [ 111, 6, 0, 2802. ]
   - [ 112, 133, 0, 1089. ]
   - [ 113, 283, 0, 2695. ]
   - [ 114, 473, 0, 2440. ]
   - [ 115, 142, 0, 2534. ]
   - [ 116, 470, 0, 3161. ]
   - [ 117, 139, 0, 1080. ]
   - [ 118, 141, 0, 1864. ]
   - [ 119, 149, 0, 1771. ]
   - [ 120, 443, 0, 1958. ]
   - [ 121, 115, 0, 1165. ]
   - [ 122, 452, 0, 2885. ]
   - [ 123, 164, 0, 2673. ]
   - [ 124, 150, 0, 2211. ]
   - [ 125, 154, 0, 1323. ]
   - [ 126, 159, 0, 3374. ]
   - [ 127, 152, 0, 2152. ]
   - [ 128, 157, 0, 1011. ]
   - [ 129, 156, 0, 879. ]
   - [ 130, 161, 0, 905. ]
   - [ 131, 234, 0, 3273. ]
   - [ 132, 162, 0, 470. ]
   - [ 133, 147, 0, 1408. ]
   - [ 134, 205, 0, 3381. ]
   - [ 135, 232, 0, 3096. ]
   - [ 136, 791, 0, 2495. ]
   - [ 137, 415, 0, 2977. ]
   - [ 138, 81, 0, 3006. ]
   - [ 139, 610, 0, 3143. ]
   - [ 140, 166, 0, 1546. ]
   - [ 141, 165, 0, 3091. ]
   - [ 142, 938, 0, 2738. ]
   - [ 143, 839, 0, 2727. ]
   - [ 144, 174, 0, 2533. ]
   - [ 145, 174, 0, 1037. ]
   - [ 146, 187, 0, 3349. ]
   - [ 147, 516, 0, 2897. ]
   - [ 148, 515, 0, 2180. ]
   - [ 149, 179, 0, 3208. ]
   - [ 150, 175, 0, 2212. ]
   - [ 151, 769, 0, 2928. ]
   - [ 152, 175, 0, 2346. ]
   - [ 153, 194, 0, 2740. ]
   - [ 154, 209, 0, 2170. ]
   - [ 155, 806, 0, 2572. ]
   - [ 156, 566, 0, 3561. ]
   - [ 157, 241, 0, 3207. ]
   - [ 158, 660, 0, 3038. ]
   - [ 159, 535, 0, 2916. ]
   - [ 160, 483, 0, 3661. ]
   - [ 161, 287, 0, 3249. ]
   - [ 162, 463, 0, 2843. ]
   - [ 163, 485, 0, 2714. ]
   - [ 164, 776, 0, 3665. ]
   - [ 165, 916, 0, 3568. ]
   - [ 166, 740, 0, 3530. ]
   - [ 167, 725, 0, 3577. ]
   - [ 168, 536, 0, 3912. ]
   - [ 169, 1049, 0, 3251. ]
   - [ 170, 212, 0, 2172. ]
   - [ 171, 413, 0, 3584. ]
   - [ 172, 546, 0, 3367. ]
   - [ 173, 317, 0, 3349. ]
   - [ 174, 427, 0, 3043. ]
   - [ 175, 647, 0, 3082. ]
   - [ 176, 545, 0, 3156. ]
   - [ 177, 978, 0, 3136. ]
   - [ 178, 316, 0, 3448. ]
   - [ 179, 990, 0, 3595. ]
   - [ 180, 401, 0, 3400. ]
   - [ 181, 762, 0, 3212. ]
   - [ 182, 167, 0, 2217. ]
   - [ 183, 29, 0, 3061. ]
   - [ 184, 224, 0, 2766. ]
   - [ 185, 224, 0, 2783. ]
   - [ 186, 205, 0, 3455. ]
   - [ 187, 17, 0, 2912. ]
   - [ 188, 745, 0, 3678. ]
   - [ 189, 327, 0, 2787. ]
   - [ 190, 202, 0, 2552. ]
   - [ 191, 17, 0, 2836. ]
   - [ 192, 364, 0, 3186. ]
   - [ 193, 224, 0, 2206. ]
   - [ 194, 23, 0, 3680. ]
   - [ 195, 259, 0, 3548. ]
   - [ 196, 17, 0, 2659. ]
   - [ 197, 589, 0, 2005. ]
   - [ 198, 1030, 0, 3596. ]
   - [ 199, 535, 0, 3787. ]
   - [ 200, 441, 0, 3631. ]
   - [ 201, 175, 0, 3752. ]
   - [ 202, 288, 0, 4120. ]
   - [ 203, 561, 0, 2925. ]
   - [ 204, 36, 0, 3513. ]
   - [ 205, 999, 0, 2494. ]
   - [ 206, 887, 0, 3696. ]
   - [ 207, 218, 0, 2372. ]
   - [ 208, 228, 0, 2585. ]
   - [ 209, 763, 0, 3597. ]
   - [ 210, 773, 0, 2648. ]
   - [ 211, 298, 0, 2392. ]
   - [ 212, 217, 0, 2151. ]
   - [ 213, 174, 0, 2950. ]
   - [ 214, 288, 0, 3575. ]
   - [ 215, 216, 0, 2682. ]
   - [ 216, 718, 0, 3798. ]
   - [ 217, 226, 0, 2874. ]
   - [ 218, 1080, 0, 2370. ]
   - [ 219, 688, 0, 3754. ]
   - [ 220, 33, 0, 3463. ]
   - [ 221, 221, 0, 2747. ]
   - [ 222, 234, 0, 2253. ]
   - [ 223, 237, 0, 1671. ]
   - [ 224, 58, 0, 3201. ]
   - [ 225, 59, 0, 3131. ]
   - [ 226, 459, 0, 2097. ]
   - [ 227, 328, 0, 2732. ]
   - [ 228, 296, 0, 2872. ]
   - [ 229, 234, 0, 2671. ]
   - [ 230, 528, 0, 3109. ]
   - [ 231, 686, 0, 3346. ]
   - [ 232, 902, 0, 2726. ]
   - [ 233, 242, 0, 2191. ]
   - [ 234, 315, 0, 2183. ]
   - [ 235, 600, 0, 3113. ]
   - [ 236, 26, 0, 2295. ]
   - [ 237, 305, 0, 2078. ]
   - [ 238, 11, 0, 1778. ]
   - [ 239, 580, 0, 3867. ]
   - [ 240, 277, 0, 2469. ]
   - [ 241, 220, 0, 2171. ]
   - [ 242, 566, 0, 2788. ]
   - [ 243, 522, 0, 2399. ]
   - [ 244, 240, 0, 1893. ]
   - [ 245, 575, 0, 1627. ]
   - [ 246, 355, 0, 2967. ]
   - [ 247, 575, 0, 2946. ]
   - [ 248, 579, 0, 1723. ]
   - [ 249, 248, 0, 3219. ]
   - [ 250, 402, 0, 2527. ]
   - [ 251, 172, 0, 3338. ]
   - [ 252, 252, 0, 2134. ]
   - [ 253, 370, 0, 3940. ]
   - [ 254, 578, 0, 2295. ]
   - [ 255, 584, 0, 1972. ]
   - [ 256, 258, 0, 1825. ]
   - [ 257, 623, 0, 2620. ]
   - [ 258, 703, 0, 2684. ]
   - [ 259, 479, 0, 2815. ]
   - [ 260, 805, 0, 2877. ]
   - [ 261, 416, 0, 2471. ]
   - [ 262, 725, 0, 3242. ]
   - [ 263, 191, 0, 3219. ]
   - [ 264, 155, 0, 2013. ]
   - [ 265, 389, 0, 1741. ]
   - [ 266, 593, 0, 1910. ]
   - [ 267, 820, 0, 2358. ]
   - [ 268, 249, 0, 1989. ]
   - [ 269, 596, 0, 2945. ]
   - [ 270, 629, 0, 2648. ]
   - [ 271, 688, 0, 3438. ]
   - [ 272, 265, 0, 1619. ]
   - [ 273, 800, 0, 3972. ]
   - [ 274, 155, 0, 2477. ]
   - [ 275, 715, 0, 2496. ]
   - [ 276, 245, 0, 1833. ]
   - [ 277, 277, 0, 2446. ]
   - [ 278, 599, 0, 2504. ]
   - [ 279, 454, 0, 2465. ]
   - [ 280, 272, 0, 751. ]
   - [ 281, 591, 0, 2073. ]
   - [ 282, 679, 0, 2559. ]
   - [ 283, 275, 0, 1482. ]
   - [ 284, 231, 0, 2757. ]
   - [ 285, 715, 0, 2786. ]
   - [ 286, 279, 0, 2239. ]
   - [ 287, 289, 0, 2418. ]
   - [ 288, 6, 0, 2476. ]
   - [ 289, 278, 0, 1778. ]
