%YAML:1.0
---
Matches:
   - [ 0, 869, 0, 4.9152923583984375e+02 ]
   - [ 1, 299, 0, 5.3653613281250000e+02 ]
   - [ 2, 0, 0, 5.3451751708984375e+02 ]
   - [ 3, 241, 0, 4.7184213256835938e+02 ]
   - [ 4, 11, 0, 3.2378851318359375e+02 ]
   - [ 5, 274, 0, 5.7012188720703125e+02 ]
   - [ 6, 249, 0, 4.8531948852539063e+02 ]
   - [ 7, 281, 0, 5.0183563232421875e+02 ]
   - [ 8, 455, 0, 5.9939550781250000e+02 ]
   - [ 9, 260, 0, 5.7565704345703125e+02 ]
   - [ 10, 278, 0, 4.9401416015625000e+02 ]
   - [ 11, 930, 0, 6.2142254638671875e+02 ]
   - [ 12, 16, 0, 6.2688592529296875e+02 ]
   - [ 13, 11, 0, 4.3941778564453125e+02 ]
   - [ 14, 245, 0, 4.2939724731445313e+02 ]
   - [ 15, 588, 0, 6.0175158691406250e+02 ]
   - [ 16, 591, 0, 5.4596063232421875e+02 ]
   - [ 17, 408, 0, 6.2240423583984375e+02 ]
   - [ 18, 255, 0, 5.2803979492187500e+02 ]
   - [ 19, 21, 0, 4.6561785888671875e+02 ]
   - [ 20, 237, 0, 5.4655102539062500e+02 ]
   - [ 21, 145, 0, 4.9187396240234375e+02 ]
   - [ 22, 389, 0, 5.9407995605468750e+02 ]
   - [ 23, 7, 0, 5.3359814453125000e+02 ]
   - [ 24, 74, 0, 4.7530621337890625e+02 ]
   - [ 25, 604, 0, 5.0989312744140625e+02 ]
   - [ 26, 727, 0, 5.4188928222656250e+02 ]
   - [ 27, 62, 0, 4.9616931152343750e+02 ]
   - [ 28, 807, 0, 4.9098165893554688e+02 ]
   - [ 29, 821, 0, 4.7476309204101563e+02 ]
   - [ 30, 41, 0, 4.1051553344726563e+02 ]
   - [ 31, 35, 0, 6.0473797607421875e+02 ]
   - [ 32, 679, 0, 4.6497634887695313e+02 ]
   - [ 33, 37, 0, 6.4124334716796875e+02 ]
   - [ 34, 286, 0, 6.0489587402343750e+02 ]
   - [ 35, 358, 0, 5.1547747802734375e+02 ]
   - [ 36, 1030, 0, 5.0999313354492188e+02 ]
   - [ 37, 222, 0, 6.6666259765625000e+02 ]
   - [ 38, 887, 0, 5.2740783691406250e+02 ]
   - [ 39, 893, 0, 5.8664215087890625e+02 ]
   - [ 40, 830, 0, 6.6016815185546875e+02 ]
   - [ 41, 586, 0, 5.7702600097656250e+02 ]
   - [ 42, 849, 0, 6.4647814941406250e+02 ]
   - [ 43, 43, 0, 4.8697946166992188e+02 ]
   - [ 44, 353, 0, 6.0746191406250000e+02 ]
   - [ 45, 697, 0, 4.9967990112304688e+02 ]
   - [ 46, 55, 0, 4.4728848266601563e+02 ]
   - [ 47, 51, 0, 4.9415786743164063e+02 ]
   - [ 48, 506, 0, 6.2847436523437500e+02 ]
   - [ 49, 295, 0, 5.7212500000000000e+02 ]
   - [ 50, 654, 0, 4.5243341064453125e+02 ]
   - [ 51, 834, 0, 6.4003283691406250e+02 ]
   - [ 52, 33, 0, 5.7846691894531250e+02 ]
   - [ 53, 283, 0, 5.3026599121093750e+02 ]
   - [ 54, 59, 0, 5.0074545288085938e+02 ]
   - [ 55, 1080, 0, 6.0968927001953125e+02 ]
   - [ 56, 57, 0, 4.8063708496093750e+02 ]
   - [ 57, 67, 0, 5.2812023925781250e+02 ]
   - [ 58, 66, 0, 3.6156466674804688e+02 ]
   - [ 59, 632, 0, 4.7145095825195313e+02 ]
   - [ 60, 486, 0, 7.1283447265625000e+02 ]
   - [ 61, 71, 0, 5.6866864013671875e+02 ]
   - [ 62, 787, 0, 5.6021154785156250e+02 ]
   - [ 63, 30, 0, 6.3888885498046875e+02 ]
   - [ 64, 313, 0, 6.4879119873046875e+02 ]
   - [ 65, 498, 0, 5.6191278076171875e+02 ]
   - [ 66, 77, 0, 3.4837478637695313e+02 ]
   - [ 67, 80, 0, 5.0308151245117188e+02 ]
   - [ 68, 76, 0, 4.3090487670898438e+02 ]
   - [ 69, 138, 0, 5.6965252685546875e+02 ]
   - [ 70, 76, 0, 5.0373703002929688e+02 ]
   - [ 71, 8, 0, 5.6889453125000000e+02 ]
   - [ 72, 83, 0, 6.1758398437500000e+02 ]
   - [ 73, 84, 0, 4.9974291992187500e+02 ]
   - [ 74, 74, 0, 6.9589080810546875e+02 ]
   - [ 75, 714, 0, 6.0087854003906250e+02 ]
   - [ 76, 608, 0, 6.2143139648437500e+02 ]
   - [ 77, 439, 0, 6.3228002929687500e+02 ]
   - [ 78, 89, 0, 5.7447888183593750e+02 ]
   - [ 79, 429, 0, 5.8799066162109375e+02 ]
   - [ 80, 843, 0, 7.3453588867187500e+02 ]
   - [ 81, 92, 0, 4.1959146118164063e+02 ]
   - [ 82, 98, 0, 4.1229721069335938e+02 ]
   - [ 83, 91, 0, 2.8718981933593750e+02 ]
   - [ 84, 917, 0, 6.3079315185546875e+02 ]
   - [ 85, 514, 0, 6.6299621582031250e+02 ]
   - [ 86, 799, 0, 6.6955883789062500e+02 ]
   - [ 87, 102, 0, 4.5755764770507813e+02 ]
   - [ 88, 109, 0, 5.2831811523437500e+02 ]
   - [ 89, 106, 0, 453. ]
   - [ 90, 232, 0, 7.2020898437500000e+02 ]
   - [ 91, 975, 0, 5.8917315673828125e+02 ]
   - [ 92, 1007, 0, 5.1920513916015625e+02 ]
   - [ 93, 110, 0, 4.1307263183593750e+02 ]
   - [ 94, 118, 0, 5.9528735351562500e+02 ]
   - [ 95, 1014, 0, 6.6211029052734375e+02 ]
   - [ 96, 152, 0, 5.1632739257812500e+02 ]
   - [ 97, 532, 0, 5.8082611083984375e+02 ]
   - [ 98, 117, 0, 5.2720587158203125e+02 ]
   - [ 99, 116, 0, 4.2300592041015625e+02 ]
   - [ 100, 125, 0, 5.9620379638671875e+02 ]
   - [ 101, 972, 0, 7.0757122802734375e+02 ]
   - [ 102, 103, 0, 5.1257391357421875e+02 ]
   - [ 103, 128, 0, 5.0489703369140625e+02 ]
   - [ 104, 121, 0, 3.2991967773437500e+02 ]
   - [ 105, 979, 0, 7.2580023193359375e+02 ]
   - [ 106, 509, 0, 5.6328942871093750e+02 ]
   - [ 107, 316, 0, 6.3176104736328125e+02 ]
   - [ 108, 13, 0, 5.6673095703125000e+02 ]
   - [ 109, 129, 0, 3.4362771606445313e+02 ]
   - [ 110, 475, 0, 4.8889263916015625e+02 ]
   - [ 111, 6, 0, 5.4750341796875000e+02 ]
   - [ 112, 133, 0, 3.2520916748046875e+02 ]
   - [ 113, 168, 0, 5.6612628173828125e+02 ]
   - [ 114, 421, 0, 5.5366595458984375e+02 ]
   - [ 115, 142, 0, 5.2049591064453125e+02 ]
   - [ 116, 517, 0, 6.1701135253906250e+02 ]
   - [ 117, 139, 0, 3.2270111083984375e+02 ]
   - [ 118, 141, 0, 4.3868438720703125e+02 ]
   - [ 119, 149, 0, 4.2235647583007813e+02 ]
   - [ 120, 443, 0, 4.1386953735351563e+02 ]
   - [ 121, 115, 0, 3.4588293457031250e+02 ]
   - [ 122, 363, 0, 6.5012689208984375e+02 ]
   - [ 123, 226, 0, 5.6546527099609375e+02 ]
   - [ 124, 150, 0, 5.3796936035156250e+02 ]
   - [ 125, 154, 0, 3.6139038085937500e+02 ]
   - [ 126, 159, 0, 6.3836193847656250e+02 ]
   - [ 127, 152, 0, 4.9234945678710938e+02 ]
   - [ 128, 157, 0, 3.0358688354492188e+02 ]
   - [ 129, 156, 0, 3.3544448852539063e+02 ]
   - [ 130, 161, 0, 2.8535415649414063e+02 ]
   - [ 131, 234, 0, 6.1916314697265625e+02 ]
   - [ 132, 162, 0, 2.0749940490722656e+02 ]
   - [ 133, 147, 0, 3.9738394165039063e+02 ]
   - [ 134, 205, 0, 6.0232135009765625e+02 ]
   - [ 135, 940, 0, 5.8555102539062500e+02 ]
   - [ 136, 791, 0, 5.4076519775390625e+02 ]
   - [ 137, 415, 0, 5.7446759033203125e+02 ]
   - [ 138, 266, 0, 5.7082922363281250e+02 ]
   - [ 139, 610, 0, 5.8155395507812500e+02 ]
   - [ 140, 166, 0, 4.2680206298828125e+02 ]
   - [ 141, 835, 0, 6.3354400634765625e+02 ]
   - [ 142, 938, 0, 5.5574273681640625e+02 ]
   - [ 143, 839, 0, 5.6574462890625000e+02 ]
   - [ 144, 174, 0, 5.4237719726562500e+02 ]
   - [ 145, 174, 0, 3.0450122070312500e+02 ]
   - [ 146, 463, 0, 6.8068933105468750e+02 ]
   - [ 147, 516, 0, 6.0369610595703125e+02 ]
   - [ 148, 515, 0, 5.1046450805664063e+02 ]
   - [ 149, 179, 0, 6.2887994384765625e+02 ]
   - [ 150, 175, 0, 4.9139392089843750e+02 ]
   - [ 151, 726, 0, 6.1364239501953125e+02 ]
   - [ 152, 175, 0, 4.7128546142578125e+02 ]
   - [ 153, 194, 0, 5.4174902343750000e+02 ]
   - [ 154, 209, 0, 4.9233526611328125e+02 ]
   - [ 155, 806, 0, 5.4927221679687500e+02 ]
   - [ 156, 566, 0, 6.8650927734375000e+02 ]
   - [ 157, 299, 0, 6.1190112304687500e+02 ]
   - [ 158, 660, 0, 5.8155999755859375e+02 ]
   - [ 159, 535, 0, 5.4382348632812500e+02 ]
   - [ 160, 273, 0, 7.0282855224609375e+02 ]
   - [ 161, 287, 0, 6.1972009277343750e+02 ]
   - [ 162, 463, 0, 5.6791284179687500e+02 ]
   - [ 163, 485, 0, 5.3188531494140625e+02 ]
   - [ 164, 776, 0, 6.6512780761718750e+02 ]
   - [ 165, 916, 0, 6.7558715820312500e+02 ]
   - [ 166, 740, 0, 6.2661468505859375e+02 ]
   - [ 167, 725, 0, 6.7397998046875000e+02 ]
   - [ 168, 536, 0, 7.1473773193359375e+02 ]
   - [ 169, 1049, 0, 6.0036737060546875e+02 ]
   - [ 170, 212, 0, 4.8271109008789063e+02 ]
   - [ 171, 413, 0, 6.7982794189453125e+02 ]
   - [ 172, 546, 0, 6.3561071777343750e+02 ]
   - [ 173, 317, 0, 6.4212847900390625e+02 ]
   - [ 174, 758, 0, 5.8133551025390625e+02 ]
   - [ 175, 647, 0, 5.9618115234375000e+02 ]
   - [ 176, 545, 0, 6.1134771728515625e+02 ]
   - [ 177, 978, 0, 5.9804016113281250e+02 ]
   - [ 178, 316, 0, 6.3849981689453125e+02 ]
   - [ 179, 554, 0, 6.6256243896484375e+02 ]
