%YAML:1.0
---
Matches:
   - [ 0, 6, 0, 38. ]
   - [ 1, 30, 0, 102. ]
   - [ 2, 9, 0, 36. ]
   - [ 3, 9, 0, 43. ]
   - [ 4, 391, 0, 114. ]
   - [ 5, 412, 0, 119. ]
   - [ 6, 129, 0, 93. ]
   - [ 7, 436, 0, 136. ]
   - [ 8, 113, 0, 89. ]
   - [ 9, 200, 0, 48. ]
   - [ 10, 1369, 0, 100. ]
   - [ 11, 26, 0, 43. ]
   - [ 12, 12, 0, 69. ]
   - [ 13, 1369, 0, 113. ]
   - [ 14, 24, 0, 80. ]
   - [ 15, 1979, 0, 150. ]
   - [ 16, 1817, 0, 114. ]
   - [ 17, 720, 0, 71. ]
   - [ 18, 1406, 0, 107. ]
   - [ 19, 2, 0, 106. ]
   - [ 20, 1375, 0, 59. ]
   - [ 21, 59, 0, 48. ]
   - [ 22, 723, 0, 76. ]
   - [ 23, 41, 0, 38. ]
   - [ 24, 19, 0, 45. ]
   - [ 25, 1603, 0, 138. ]
   - [ 26, 1994, 0, 80. ]
   - [ 27, 1094, 0, 126. ]
   - [ 28, 52, 0, 90. ]
   - [ 29, 1667, 0, 68. ]
   - [ 30, 30, 0, 117. ]
   - [ 31, 1667, 0, 89. ]
   - [ 32, 45, 0, 97. ]
   - [ 33, 1381, 0, 69. ]
   - [ 34, 57, 0, 90. ]
   - [ 35, 36, 0, 60. ]
   - [ 36, 1332, 0, 106. ]
   - [ 37, 1001, 0, 96. ]
   - [ 38, 119, 0, 98. ]
   - [ 39, 1386, 0, 97. ]
   - [ 40, 264, 0, 110. ]
   - [ 41, 187, 0, 129. ]
   - [ 42, 1843, 0, 109. ]
   - [ 43, 86, 0, 28. ]
   - [ 44, 1868, 0, 86. ]
   - [ 45, 1569, 0, 135. ]
   - [ 46, 1892, 0, 105. ]
   - [ 47, 47, 0, 54. ]
   - [ 48, 1544, 0, 101. ]
   - [ 49, 71, 0, 61. ]
   - [ 50, 1847, 0, 101. ]
   - [ 51, 1868, 0, 86. ]
   - [ 52, 50, 0, 63. ]
   - [ 53, 63, 0, 62. ]
   - [ 54, 2316, 0, 153. ]
   - [ 55, 771, 0, 128. ]
   - [ 56, 79, 0, 100. ]
   - [ 57, 2023, 0, 114. ]
   - [ 58, 62, 0, 68. ]
   - [ 59, 1389, 0, 127. ]
   - [ 60, 101, 0, 106. ]
   - [ 61, 54, 0, 85. ]
   - [ 62, 62, 0, 54. ]
   - [ 63, 70, 0, 72. ]
   - [ 64, 754, 0, 94. ]
   - [ 65, 77, 0, 102. ]
   - [ 66, 1669, 0, 102. ]
   - [ 67, 2270, 0, 122. ]
   - [ 68, 1740, 0, 147. ]
   - [ 69, 2254, 0, 112. ]
   - [ 70, 67, 0, 68. ]
   - [ 71, 70, 0, 70. ]
   - [ 72, 1374, 0, 69. ]
   - [ 73, 1232, 0, 115. ]
   - [ 74, 1240, 0, 108. ]
   - [ 75, 1682, 0, 91. ]
   - [ 76, 1374, 0, 67. ]
   - [ 77, 90, 0, 84. ]
   - [ 78, 95, 0, 83. ]
   - [ 79, 1682, 0, 100. ]
   - [ 80, 91, 0, 73. ]
   - [ 81, 1756, 0, 118. ]
   - [ 82, 95, 0, 80. ]
   - [ 83, 754, 0, 94. ]
   - [ 84, 102, 0, 111. ]
   - [ 85, 121, 0, 120. ]
   - [ 86, 662, 0, 108. ]
   - [ 87, 405, 0, 71. ]
   - [ 88, 99, 0, 47. ]
   - [ 89, 107, 0, 56. ]
   - [ 90, 405, 0, 63. ]
   - [ 91, 25, 0, 105. ]
   - [ 92, 1810, 0, 90. ]
   - [ 93, 210, 0, 135. ]
   - [ 94, 439, 0, 49. ]
   - [ 95, 99, 0, 51. ]
   - [ 96, 19, 0, 86. ]
   - [ 97, 57, 0, 88. ]
   - [ 98, 118, 0, 64. ]
   - [ 99, 86, 0, 103. ]
   - [ 100, 1398, 0, 64. ]
   - [ 101, 128, 0, 48. ]
   - [ 102, 131, 0, 74. ]
   - [ 103, 419, 0, 117. ]
   - [ 104, 148, 0, 42. ]
   - [ 105, 149, 0, 40. ]
   - [ 106, 154, 0, 87. ]
   - [ 107, 123, 0, 48. ]
   - [ 108, 1169, 0, 117. ]
   - [ 109, 1696, 0, 95. ]
   - [ 110, 1410, 0, 106. ]
   - [ 111, 126, 0, 52. ]
   - [ 112, 1420, 0, 122. ]
   - [ 113, 1405, 0, 38. ]
   - [ 114, 729, 0, 100. ]
   - [ 115, 168, 0, 36. ]
   - [ 116, 728, 0, 101. ]
   - [ 117, 1408, 0, 72. ]
   - [ 118, 177, 0, 57. ]
   - [ 119, 175, 0, 82. ]
   - [ 120, 140, 0, 32. ]
   - [ 121, 182, 0, 56. ]
   - [ 122, 180, 0, 27. ]
   - [ 123, 786, 0, 98. ]
   - [ 124, 146, 0, 109. ]
   - [ 125, 184, 0, 35. ]
   - [ 126, 537, 0, 94. ]
   - [ 127, 153, 0, 89. ]
   - [ 128, 160, 0, 121. ]
   - [ 129, 57, 0, 120. ]
   - [ 130, 1411, 0, 41. ]
   - [ 131, 110, 0, 51. ]
   - [ 132, 719, 0, 122. ]
   - [ 133, 719, 0, 126. ]
   - [ 134, 193, 0, 28. ]
   - [ 135, 184, 0, 96. ]
   - [ 136, 1714, 0, 135. ]
   - [ 137, 1433, 0, 95. ]
   - [ 138, 471, 0, 85. ]
   - [ 139, 405, 0, 88. ]
   - [ 140, 1799, 0, 103. ]
   - [ 141, 1498, 0, 128. ]
   - [ 142, 1363, 0, 100. ]
   - [ 143, 1718, 0, 94. ]
   - [ 144, 212, 0, 42. ]
   - [ 145, 1099, 0, 139. ]
   - [ 146, 1456, 0, 99. ]
   - [ 147, 1456, 0, 112. ]
   - [ 148, 1071, 0, 125. ]
   - [ 149, 435, 0, 143. ]
   - [ 150, 2242, 0, 119. ]
   - [ 151, 43, 0, 119. ]
   - [ 152, 224, 0, 92. ]
   - [ 153, 1724, 0, 109. ]
   - [ 154, 1561, 0, 121. ]
   - [ 155, 244, 0, 130. ]
   - [ 156, 2163, 0, 93. ]
   - [ 157, 153, 0, 127. ]
   - [ 158, 225, 0, 76. ]
   - [ 159, 5, 0, 70. ]
   - [ 160, 1420, 0, 80. ]
   - [ 161, 1415, 0, 122. ]
   - [ 162, 230, 0, 66. ]
   - [ 163, 638, 0, 87. ]
   - [ 164, 163, 0, 139. ]
   - [ 165, 246, 0, 112. ]
   - [ 166, 235, 0, 85. ]
   - [ 167, 248, 0, 68. ]
   - [ 168, 1746, 0, 92. ]
   - [ 169, 856, 0, 91. ]
   - [ 170, 1419, 0, 59. ]
   - [ 171, 267, 0, 64. ]
   - [ 172, 259, 0, 62. ]
   - [ 173, 1748, 0, 94. ]
   - [ 174, 1433, 0, 69. ]
   - [ 175, 278, 0, 88. ]
   - [ 176, 33, 0, 144. ]
   - [ 177, 1432, 0, 100. ]
   - [ 178, 214, 0, 134. ]
   - [ 179, 1772, 0, 140. ]
   - [ 180, 856, 0, 102. ]
   - [ 181, 1211, 0, 113. ]
   - [ 182, 1989, 0, 136. ]
   - [ 183, 1429, 0, 82. ]
   - [ 184, 303, 0, 82. ]
   - [ 185, 301, 0, 80. ]
   - [ 186, 271, 0, 79. ]
   - [ 187, 122, 0, 85. ]
   - [ 188, 1511, 0, 147. ]
   - [ 189, 256, 0, 93. ]
   - [ 190, 262, 0, 82. ]
   - [ 191, 1426, 0, 97. ]
   - [ 192, 2064, 0, 119. ]
   - [ 193, 780, 0, 100. ]
   - [ 194, 62, 0, 100. ]
   - [ 195, 22, 0, 112. ]
   - [ 196, 1768, 0, 102. ]
   - [ 197, 1566, 0, 111. ]
   - [ 198, 785, 0, 149. ]
   - [ 199, 283, 0, 108. ]
   - [ 200, 358, 0, 125. ]
   - [ 201, 242, 0, 64. ]
   - [ 202, 247, 0, 40. ]
   - [ 203, 277, 0, 68. ]
   - [ 204, 294, 0, 98. ]
   - [ 205, 1774, 0, 109. ]
   - [ 206, 283, 0, 109. ]
   - [ 207, 1630, 0, 65. ]
   - [ 208, 286, 0, 75. ]
   - [ 209, 276, 0, 48. ]
   - [ 210, 277, 0, 39. ]
   - [ 211, 274, 0, 113. ]
   - [ 212, 275, 0, 113. ]
   - [ 213, 891, 0, 91. ]
   - [ 214, 308, 0, 84. ]
   - [ 215, 325, 0, 119. ]
   - [ 216, 273, 0, 74. ]
   - [ 217, 286, 0, 68. ]
   - [ 218, 287, 0, 77. ]
   - [ 219, 284, 0, 86. ]
   - [ 220, 315, 0, 51. ]
   - [ 221, 2230, 0, 122. ]
   - [ 222, 325, 0, 115. ]
   - [ 223, 282, 0, 118. ]
   - [ 224, 293, 0, 58. ]
   - [ 225, 286, 0, 95. ]
   - [ 226, 1554, 0, 141. ]
   - [ 227, 771, 0, 134. ]
   - [ 228, 283, 0, 111. ]
   - [ 229, 275, 0, 52. ]
   - [ 230, 449, 0, 115. ]
   - [ 231, 2072, 0, 127. ]
   - [ 232, 294, 0, 104. ]
   - [ 233, 270, 0, 115. ]
   - [ 234, 325, 0, 58. ]
   - [ 235, 1756, 0, 158. ]
   - [ 236, 372, 0, 102. ]
   - [ 237, 293, 0, 78. ]
   - [ 238, 286, 0, 84. ]
   - [ 239, 277, 0, 92. ]
   - [ 240, 200, 0, 40. ]
   - [ 241, 322, 0, 61. ]
   - [ 242, 327, 0, 43. ]
   - [ 243, 359, 0, 70. ]
   - [ 244, 755, 0, 108. ]
   - [ 245, 1098, 0, 101. ]
   - [ 246, 326, 0, 55. ]
   - [ 247, 1029, 0, 108. ]
   - [ 248, 1088, 0, 115. ]
   - [ 249, 99, 0, 43. ]
   - [ 250, 723, 0, 98. ]
   - [ 251, 1858, 0, 114. ]
   - [ 252, 489, 0, 156. ]
   - [ 253, 331, 0, 61. ]
   - [ 254, 331, 0, 69. ]
   - [ 255, 337, 0, 95. ]
   - [ 256, 339, 0, 49. ]
   - [ 257, 303, 0, 122. ]
   - [ 258, 343, 0, 72. ]
   - [ 259, 1851, 0, 101. ]
   - [ 260, 1769, 0, 134. ]
   - [ 261, 720, 0, 93. ]
   - [ 262, 101, 0, 116. ]
   - [ 263, 347, 0, 51. ]
   - [ 264, 778, 0, 118. ]
   - [ 265, 347, 0, 92. ]
   - [ 266, 343, 0, 76. ]
   - [ 267, 146, 0, 124. ]
   - [ 268, 99, 0, 42. ]
   - [ 269, 2328, 0, 123. ]
   - [ 270, 1444, 0, 107. ]
   - [ 271, 324, 0, 77. ]
   - [ 272, 559, 0, 99. ]
   - [ 273, 924, 0, 116. ]
   - [ 274, 1447, 0, 68. ]
   - [ 275, 2226, 0, 131. ]
   - [ 276, 2192, 0, 115. ]
   - [ 277, 1743, 0, 126. ]
   - [ 278, 340, 0, 93. ]
   - [ 279, 346, 0, 40. ]
   - [ 280, 2070, 0, 126. ]
   - [ 281, 127, 0, 69. ]
   - [ 282, 2061, 0, 127. ]
   - [ 283, 412, 0, 114. ]
   - [ 284, 412, 0, 62. ]
   - [ 285, 2148, 0, 156. ]
   - [ 286, 1831, 0, 129. ]
   - [ 287, 1425, 0, 119. ]
   - [ 288, 308, 0, 83. ]
   - [ 289, 422, 0, 61. ]
   - [ 290, 411, 0, 89. ]
   - [ 291, 924, 0, 125. ]
   - [ 292, 803, 0, 99. ]
   - [ 293, 362, 0, 88. ]
   - [ 294, 378, 0, 72. ]
   - [ 295, 188, 0, 109. ]
   - [ 296, 1456, 0, 89. ]
   - [ 297, 308, 0, 83. ]
   - [ 298, 434, 0, 72. ]
   - [ 299, 433, 0, 86. ]
   - [ 300, 99, 0, 75. ]
   - [ 301, 472, 0, 84. ]
   - [ 302, 404, 0, 91. ]
   - [ 303, 419, 0, 53. ]
