%YAML:1.0
---
Matches:
   - [ 0, 6, 0, 2.5993460083007813e+02 ]
   - [ 1, 30, 0, 5.5083392333984375e+02 ]
   - [ 2, 200, 0, 3.2911395263671875e+02 ]
   - [ 3, 8, 0, 3.2162710571289063e+02 ]
   - [ 4, 391, 0, 6.1881500244140625e+02 ]
   - [ 5, 412, 0, 6.1243859863281250e+02 ]
   - [ 6, 1, 0, 5.1756256103515625e+02 ]
   - [ 7, 1835, 0, 6.7854473876953125e+02 ]
   - [ 8, 113, 0, 4.9263171386718750e+02 ]
   - [ 9, 200, 0, 2.9375329589843750e+02 ]
   - [ 10, 1369, 0, 3.9132852172851563e+02 ]
   - [ 11, 26, 0, 2.8645941162109375e+02 ]
   - [ 12, 12, 0, 5.0992941284179688e+02 ]
   - [ 13, 1369, 0, 5.4741577148437500e+02 ]
   - [ 14, 24, 0, 4.6783758544921875e+02 ]
   - [ 15, 309, 0, 7.1403991699218750e+02 ]
   - [ 16, 747, 0, 5.8399658203125000e+02 ]
   - [ 17, 2031, 0, 5.4604760742187500e+02 ]
   - [ 18, 96, 0, 5.9486639404296875e+02 ]
   - [ 19, 180, 0, 5.1547937011718750e+02 ]
   - [ 20, 1375, 0, 5.0230865478515625e+02 ]
   - [ 21, 53, 0, 3.1616925048828125e+02 ]
   - [ 22, 1717, 0, 5.2560632324218750e+02 ]
   - [ 23, 41, 0, 2.7353976440429688e+02 ]
   - [ 24, 35, 0, 4.0550833129882813e+02 ]
   - [ 25, 544, 0, 6.5755609130859375e+02 ]
   - [ 26, 883, 0, 5.1039199829101563e+02 ]
   - [ 27, 1076, 0, 6.8305493164062500e+02 ]
   - [ 28, 884, 0, 5.8021374511718750e+02 ]
   - [ 29, 1667, 0, 4.2783642578125000e+02 ]
   - [ 30, 2, 0, 5.8442279052734375e+02 ]
   - [ 31, 896, 0, 5.6555902099609375e+02 ]
   - [ 32, 45, 0, 6.0723059082031250e+02 ]
   - [ 33, 1381, 0, 5.7585156250000000e+02 ]
   - [ 34, 57, 0, 6.4396972656250000e+02 ]
   - [ 35, 36, 0, 3.9355303955078125e+02 ]
   - [ 36, 2032, 0, 6.2581304931640625e+02 ]
   - [ 37, 1001, 0, 5.7913299560546875e+02 ]
   - [ 38, 119, 0, 5.9506555175781250e+02 ]
   - [ 39, 1851, 0, 5.5460076904296875e+02 ]
   - [ 40, 23, 0, 6.3502362060546875e+02 ]
   - [ 41, 1843, 0, 5.8580029296875000e+02 ]
   - [ 42, 357, 0, 5.2814392089843750e+02 ]
   - [ 43, 86, 0, 2.4485301208496094e+02 ]
   - [ 44, 2231, 0, 5.0762387084960938e+02 ]
   - [ 45, 1569, 0, 7.2812084960937500e+02 ]
   - [ 46, 1892, 0, 5.6656683349609375e+02 ]
   - [ 47, 40, 0, 4.6481500244140625e+02 ]
   - [ 48, 1544, 0, 5.4387225341796875e+02 ]
   - [ 49, 71, 0, 5.0813778686523438e+02 ]
   - [ 50, 1847, 0, 6.2578430175781250e+02 ]
   - [ 51, 2231, 0, 5.0822927856445313e+02 ]
   - [ 52, 44, 0, 4.7582348632812500e+02 ]
   - [ 53, 63, 0, 4.3157733154296875e+02 ]
   - [ 54, 63, 0, 7.7543988037109375e+02 ]
   - [ 55, 83, 0, 6.1024664306640625e+02 ]
   - [ 56, 79, 0, 5.5679351806640625e+02 ]
   - [ 57, 1659, 0, 6.3535107421875000e+02 ]
   - [ 58, 782, 0, 4.5353060913085938e+02 ]
   - [ 59, 932, 0, 7.1377099609375000e+02 ]
   - [ 60, 2163, 0, 5.4393841552734375e+02 ]
   - [ 61, 54, 0, 4.6622418212890625e+02 ]
   - [ 62, 62, 0, 4.4446936035156250e+02 ]
   - [ 63, 62, 0, 4.0359756469726563e+02 ]
   - [ 64, 754, 0, 5.0905108642578125e+02 ]
   - [ 65, 780, 0, 5.8612884521484375e+02 ]
   - [ 66, 2043, 0, 6.6010302734375000e+02 ]
   - [ 67, 2270, 0, 5.7950067138671875e+02 ]
   - [ 68, 1740, 0, 6.9737292480468750e+02 ]
   - [ 69, 2254, 0, 5.8870959472656250e+02 ]
   - [ 70, 67, 0, 5.5228161621093750e+02 ]
   - [ 71, 70, 0, 4.5693545532226563e+02 ]
   - [ 72, 1374, 0, 3.9901379394531250e+02 ]
   - [ 73, 681, 0, 6.4215338134765625e+02 ]
   - [ 74, 1240, 0, 5.4268865966796875e+02 ]
   - [ 75, 647, 0, 5.6877148437500000e+02 ]
   - [ 76, 1374, 0, 4.1294671630859375e+02 ]
   - [ 77, 90, 0, 5.0457208251953125e+02 ]
   - [ 78, 95, 0, 5.4435284423828125e+02 ]
   - [ 79, 1689, 0, 5.7912780761718750e+02 ]
   - [ 80, 91, 0, 5.3807061767578125e+02 ]
   - [ 81, 1534, 0, 6.1684033203125000e+02 ]
   - [ 82, 1667, 0, 5.7785986328125000e+02 ]
   - [ 83, 754, 0, 5.3205261230468750e+02 ]
   - [ 84, 102, 0, 6.6683807373046875e+02 ]
   - [ 85, 454, 0, 6.0441790771484375e+02 ]
   - [ 86, 515, 0, 5.8263623046875000e+02 ]
   - [ 87, 754, 0, 4.7874313354492188e+02 ]
   - [ 88, 99, 0, 2.9915380859375000e+02 ]
   - [ 89, 107, 0, 3.9081454467773438e+02 ]
   - [ 90, 439, 0, 3.7088137817382813e+02 ]
   - [ 91, 1754, 0, 6.0245495605468750e+02 ]
   - [ 92, 1810, 0, 4.9253222656250000e+02 ]
   - [ 93, 1883, 0, 7.2723931884765625e+02 ]
   - [ 94, 439, 0, 3.6179553222656250e+02 ]
   - [ 95, 105, 0, 2.9243289184570313e+02 ]
   - [ 96, 775, 0, 5.0910214233398438e+02 ]
   - [ 97, 188, 0, 5.3636181640625000e+02 ]
   - [ 98, 118, 0, 5.4396325683593750e+02 ]
   - [ 99, 75, 0, 5.9131884765625000e+02 ]
   - [ 100, 1398, 0, 4.1162847900390625e+02 ]
   - [ 101, 128, 0, 3.9103707885742188e+02 ]
   - [ 102, 131, 0, 4.4488424682617188e+02 ]
   - [ 103, 75, 0, 5.9453430175781250e+02 ]
   - [ 104, 148, 0, 3.4716421508789063e+02 ]
   - [ 105, 149, 0, 3.9521640014648438e+02 ]
   - [ 106, 2218, 0, 5.9611071777343750e+02 ]
   - [ 107, 1374, 0, 3.1781442260742188e+02 ]
   - [ 108, 272, 0, 6.3748095703125000e+02 ]
   - [ 109, 1696, 0, 5.8929364013671875e+02 ]
   - [ 110, 1410, 0, 5.8647418212890625e+02 ]
   - [ 111, 1374, 0, 3.8364306640625000e+02 ]
   - [ 112, 1689, 0, 5.9655932617187500e+02 ]
   - [ 113, 1405, 0, 3.3443533325195313e+02 ]
   - [ 114, 154, 0, 5.7591754150390625e+02 ]
   - [ 115, 168, 0, 2.5806201171875000e+02 ]
   - [ 116, 732, 0, 5.3875225830078125e+02 ]
   - [ 117, 1408, 0, 4.1305084228515625e+02 ]
   - [ 118, 177, 0, 4.0093389892578125e+02 ]
   - [ 119, 446, 0, 5.3329919433593750e+02 ]
   - [ 120, 140, 0, 3.5207952880859375e+02 ]
   - [ 121, 182, 0, 4.3978973388671875e+02 ]
   - [ 122, 180, 0, 4.0100997924804688e+02 ]
   - [ 123, 1240, 0, 5.2067071533203125e+02 ]
   - [ 124, 1175, 0, 6.0591833496093750e+02 ]
   - [ 125, 184, 0, 2.7433737182617188e+02 ]
   - [ 126, 36, 0, 5.1603582763671875e+02 ]
   - [ 127, 36, 0, 5.3615948486328125e+02 ]
   - [ 128, 781, 0, 6.0764709472656250e+02 ]
   - [ 129, 162, 0, 6.1398449707031250e+02 ]
   - [ 130, 1411, 0, 3.8664065551757813e+02 ]
   - [ 131, 184, 0, 2.8089498901367188e+02 ]
   - [ 132, 398, 0, 6.8214001464843750e+02 ]
   - [ 133, 406, 0, 6.4636987304687500e+02 ]
   - [ 134, 193, 0, 3.2743090820312500e+02 ]
   - [ 135, 637, 0, 5.3914837646484375e+02 ]
   - [ 136, 642, 0, 6.5145989990234375e+02 ]
   - [ 137, 243, 0, 5.5302172851562500e+02 ]
   - [ 138, 1880, 0, 4.8804711914062500e+02 ]
   - [ 139, 175, 0, 5.3042059326171875e+02 ]
   - [ 140, 638, 0, 5.4801641845703125e+02 ]
   - [ 141, 585, 0, 6.2525274658203125e+02 ]
   - [ 142, 1363, 0, 5.5465216064453125e+02 ]
   - [ 143, 1433, 0, 6.3002697753906250e+02 ]
   - [ 144, 198, 0, 3.4610836791992188e+02 ]
   - [ 145, 1180, 0, 6.9163574218750000e+02 ]
   - [ 146, 753, 0, 5.6560058593750000e+02 ]
   - [ 147, 1456, 0, 6.6260546875000000e+02 ]
   - [ 148, 1525, 0, 6.6697302246093750e+02 ]
   - [ 149, 1363, 0, 6.4082757568359375e+02 ]
   - [ 150, 1712, 0, 6.3299212646484375e+02 ]
   - [ 151, 215, 0, 6.8866680908203125e+02 ]
   - [ 152, 2152, 0, 5.6511682128906250e+02 ]
   - [ 153, 2158, 0, 5.9626336669921875e+02 ]
   - [ 154, 835, 0, 7.0515319824218750e+02 ]
   - [ 155, 217, 0, 6.5235192871093750e+02 ]
   - [ 156, 664, 0, 5.0981173706054688e+02 ]
   - [ 157, 2237, 0, 6.7592309570312500e+02 ]
   - [ 158, 225, 0, 4.5013998413085938e+02 ]
   - [ 159, 5, 0, 4.3818145751953125e+02 ]
   - [ 160, 1420, 0, 5.3327386474609375e+02 ]
   - [ 161, 1403, 0, 6.5690411376953125e+02 ]
   - [ 162, 230, 0, 4.9596371459960938e+02 ]
   - [ 163, 435, 0, 5.2649884033203125e+02 ]
   - [ 164, 2270, 0, 6.4479455566406250e+02 ]
   - [ 165, 246, 0, 6.6160791015625000e+02 ]
   - [ 166, 230, 0, 5.4675677490234375e+02 ]
   - [ 167, 248, 0, 5.8049114990234375e+02 ]
   - [ 168, 1746, 0, 5.4518713378906250e+02 ]
   - [ 169, 856, 0, 5.3869750976562500e+02 ]
   - [ 170, 1419, 0, 5.1339068603515625e+02 ]
   - [ 171, 267, 0, 3.8778732299804688e+02 ]
   - [ 172, 259, 0, 4.7901358032226563e+02 ]
   - [ 173, 1748, 0, 5.1336730957031250e+02 ]
   - [ 174, 1433, 0, 4.3269042968750000e+02 ]
   - [ 175, 278, 0, 5.7357647705078125e+02 ]
   - [ 176, 1769, 0, 6.7569000244140625e+02 ]
   - [ 177, 1432, 0, 4.2288650512695313e+02 ]
   - [ 178, 587, 0, 6.7308471679687500e+02 ]
