%YAML:1.0
---
Matches:
   - [ 0, 6, 0, 882. ]
   - [ 1, 368, 0, 2866. ]
   - [ 2, 9, 0, 939. ]
   - [ 3, 8, 0, 984. ]
   - [ 4, 391, 0, 3340. ]
   - [ 5, 412, 0, 3029. ]
   - [ 6, 1, 0, 2461. ]
   - [ 7, 104, 0, 3596. ]
   - [ 8, 113, 0, 2222. ]
   - [ 9, 200, 0, 1053. ]
   - [ 10, 1369, 0, 1716. ]
   - [ 11, 26, 0, 1023. ]
   - [ 12, 12, 0, 2202. ]
   - [ 13, 1369, 0, 2660. ]
   - [ 14, 24, 0, 2104. ]
   - [ 15, 382, 0, 4051. ]
   - [ 16, 1817, 0, 3057. ]
   - [ 17, 720, 0, 2524. ]
   - [ 18, 28, 0, 3074. ]
   - [ 19, 180, 0, 2535. ]
   - [ 20, 1375, 0, 1942. ]
   - [ 21, 53, 0, 1101. ]
   - [ 22, 1717, 0, 2424. ]
   - [ 23, 41, 0, 948. ]
   - [ 24, 19, 0, 1476. ]
   - [ 25, 544, 0, 3700. ]
   - [ 26, 883, 0, 2526. ]
   - [ 27, 1076, 0, 3540. ]
   - [ 28, 884, 0, 2796. ]
   - [ 29, 1667, 0, 1820. ]
   - [ 30, 1143, 0, 2882. ]
   - [ 31, 896, 0, 2559. ]
   - [ 32, 45, 0, 3071. ]
   - [ 33, 66, 0, 2459. ]
   - [ 34, 57, 0, 3151. ]
   - [ 35, 36, 0, 1538. ]
   - [ 36, 2032, 0, 2920. ]
   - [ 37, 1001, 0, 2809. ]
   - [ 38, 119, 0, 2481. ]
   - [ 39, 1386, 0, 2557. ]
   - [ 40, 23, 0, 3271. ]
   - [ 41, 639, 0, 2773. ]
   - [ 42, 1843, 0, 2650. ]
   - [ 43, 86, 0, 757. ]
   - [ 44, 2231, 0, 2408. ]
   - [ 45, 1569, 0, 4052. ]
   - [ 46, 1892, 0, 2558. ]
   - [ 47, 40, 0, 1803. ]
   - [ 48, 1544, 0, 2635. ]
   - [ 49, 71, 0, 2062. ]
   - [ 50, 1847, 0, 2828. ]
   - [ 51, 2231, 0, 2503. ]
   - [ 52, 44, 0, 1912. ]
   - [ 53, 63, 0, 1813. ]
   - [ 54, 63, 0, 4193. ]
   - [ 55, 83, 0, 3253. ]
   - [ 56, 79, 0, 2671. ]
   - [ 57, 660, 0, 3350. ]
   - [ 58, 62, 0, 2112. ]
   - [ 59, 1389, 0, 3739. ]
   - [ 60, 2163, 0, 2481. ]
   - [ 61, 54, 0, 2065. ]
   - [ 62, 62, 0, 1779. ]
   - [ 63, 62, 0, 1691. ]
   - [ 64, 754, 0, 2249. ]
   - [ 65, 77, 0, 3175. ]
   - [ 66, 88, 0, 3477. ]
   - [ 67, 2270, 0, 2993. ]
   - [ 68, 1740, 0, 3931. ]
   - [ 69, 2254, 0, 2561. ]
   - [ 70, 67, 0, 2375. ]
   - [ 71, 1374, 0, 2021. ]
   - [ 72, 1374, 0, 1500. ]
   - [ 73, 1232, 0, 3643. ]
   - [ 74, 1240, 0, 2915. ]
   - [ 75, 1682, 0, 2412. ]
   - [ 76, 1374, 0, 1669. ]
   - [ 77, 90, 0, 2233. ]
   - [ 78, 95, 0, 2406. ]
   - [ 79, 1807, 0, 2751. ]
   - [ 80, 91, 0, 2456. ]
   - [ 81, 303, 0, 3451. ]
   - [ 82, 95, 0, 2802. ]
   - [ 83, 754, 0, 2278. ]
   - [ 84, 102, 0, 3217. ]
   - [ 85, 454, 0, 3173. ]
   - [ 86, 662, 0, 2666. ]
   - [ 87, 754, 0, 2129. ]
   - [ 88, 99, 0, 1133. ]
   - [ 89, 107, 0, 1634. ]
   - [ 90, 439, 0, 1487. ]
   - [ 91, 1998, 0, 3159. ]
   - [ 92, 1810, 0, 2216. ]
   - [ 93, 210, 0, 3837. ]
   - [ 94, 405, 0, 1367. ]
   - [ 95, 105, 0, 1051. ]
   - [ 96, 8, 0, 2261. ]
   - [ 97, 187, 0, 2300. ]
   - [ 98, 118, 0, 2374. ]
   - [ 99, 75, 0, 2902. ]
   - [ 100, 1398, 0, 1686. ]
   - [ 101, 128, 0, 1358. ]
   - [ 102, 130, 0, 1797. ]
   - [ 103, 50, 0, 2945. ]
   - [ 104, 148, 0, 1231. ]
   - [ 105, 149, 0, 1548. ]
   - [ 106, 154, 0, 2732. ]
   - [ 107, 1374, 0, 1156. ]
   - [ 108, 272, 0, 3320. ]
   - [ 109, 1696, 0, 2853. ]
   - [ 110, 1410, 0, 2870. ]
   - [ 111, 1374, 0, 1504. ]
   - [ 112, 728, 0, 3270. ]
   - [ 113, 1405, 0, 1231. ]
   - [ 114, 154, 0, 2727. ]
   - [ 115, 168, 0, 768. ]
   - [ 116, 732, 0, 2532. ]
   - [ 117, 1408, 0, 1643. ]
   - [ 118, 177, 0, 1588. ]
   - [ 119, 446, 0, 2408. ]
   - [ 120, 140, 0, 1134. ]
   - [ 121, 182, 0, 1877. ]
   - [ 122, 180, 0, 1289. ]
   - [ 123, 1240, 0, 2580. ]
   - [ 124, 1175, 0, 3093. ]
   - [ 125, 184, 0, 833. ]
   - [ 126, 36, 0, 2415. ]
   - [ 127, 36, 0, 2315. ]
   - [ 128, 781, 0, 3363. ]
   - [ 129, 577, 0, 3164. ]
   - [ 130, 1411, 0, 1325. ]
   - [ 131, 184, 0, 1038. ]
   - [ 132, 664, 0, 3581. ]
   - [ 133, 719, 0, 3285. ]
   - [ 134, 193, 0, 949. ]
   - [ 135, 184, 0, 2624. ]
   - [ 136, 642, 0, 3498. ]
   - [ 137, 1754, 0, 2473. ]
   - [ 138, 127, 0, 2084. ]
   - [ 139, 175, 0, 2356. ]
   - [ 140, 1840, 0, 2554. ]
   - [ 141, 585, 0, 3533. ]
   - [ 142, 1363, 0, 2865. ]
   - [ 143, 1718, 0, 3113. ]
   - [ 144, 123, 0, 1377. ]
   - [ 145, 1708, 0, 3921. ]
   - [ 146, 753, 0, 3124. ]
   - [ 147, 2270, 0, 3354. ]
   - [ 148, 1071, 0, 3632. ]
   - [ 149, 1363, 0, 3542. ]
   - [ 150, 1712, 0, 3125. ]
   - [ 151, 689, 0, 3661. ]
   - [ 152, 2152, 0, 2441. ]
   - [ 153, 2158, 0, 3180. ]
   - [ 154, 835, 0, 3711. ]
   - [ 155, 217, 0, 3631. ]
   - [ 156, 664, 0, 2260. ]
   - [ 157, 2237, 0, 3484. ]
   - [ 158, 225, 0, 1980. ]
   - [ 159, 5, 0, 1583. ]
   - [ 160, 1420, 0, 2581. ]
   - [ 161, 1240, 0, 3267. ]
   - [ 162, 230, 0, 2130. ]
   - [ 163, 435, 0, 2527. ]
   - [ 164, 1997, 0, 3419. ]
   - [ 165, 246, 0, 3281. ]
   - [ 166, 230, 0, 2673. ]
   - [ 167, 248, 0, 2232. ]
   - [ 168, 1746, 0, 2687. ]
   - [ 169, 856, 0, 2347. ]
   - [ 170, 1419, 0, 1914. ]
   - [ 171, 267, 0, 1677. ]
   - [ 172, 259, 0, 1918. ]
   - [ 173, 1748, 0, 2344. ]
   - [ 174, 1433, 0, 1753. ]
   - [ 175, 278, 0, 2722. ]
   - [ 176, 1769, 0, 3743. ]
   - [ 177, 1432, 0, 2187. ]
   - [ 178, 587, 0, 3637. ]
   - [ 179, 1772, 0, 4021. ]
   - [ 180, 856, 0, 2677. ]
   - [ 181, 737, 0, 2948. ]
   - [ 182, 1141, 0, 3151. ]
   - [ 183, 1429, 0, 2185. ]
   - [ 184, 303, 0, 2638. ]
   - [ 185, 301, 0, 2203. ]
   - [ 186, 271, 0, 2146. ]
   - [ 187, 1408, 0, 2944. ]
   - [ 188, 509, 0, 3729. ]
   - [ 189, 256, 0, 2553. ]
   - [ 190, 262, 0, 2326. ]
   - [ 191, 263, 0, 2776. ]
   - [ 192, 1363, 0, 3102. ]
   - [ 193, 127, 0, 2648. ]
   - [ 194, 62, 0, 3076. ]
   - [ 195, 22, 0, 3175. ]
   - [ 196, 1768, 0, 2262. ]
   - [ 197, 1566, 0, 2545. ]
   - [ 198, 1504, 0, 3804. ]
   - [ 199, 283, 0, 2944. ]
   - [ 200, 1813, 0, 3011. ]
   - [ 201, 242, 0, 2205. ]
   - [ 202, 247, 0, 1193. ]
   - [ 203, 277, 0, 2351. ]
   - [ 204, 295, 0, 2130. ]
   - [ 205, 1774, 0, 3350. ]
   - [ 206, 276, 0, 2817. ]
   - [ 207, 723, 0, 1839. ]
   - [ 208, 286, 0, 2840. ]
   - [ 209, 276, 0, 1025. ]
   - [ 210, 277, 0, 1048. ]
   - [ 211, 274, 0, 3486. ]
   - [ 212, 275, 0, 3179. ]
   - [ 213, 337, 0, 2224. ]
   - [ 214, 308, 0, 2357. ]
   - [ 215, 846, 0, 3343. ]
   - [ 216, 273, 0, 2780. ]
   - [ 217, 286, 0, 2684. ]
   - [ 218, 287, 0, 2356. ]
   - [ 219, 284, 0, 2352. ]
   - [ 220, 315, 0, 1640. ]
   - [ 221, 2230, 0, 3522. ]
   - [ 222, 1393, 0, 3071. ]
   - [ 223, 282, 0, 3668. ]
   - [ 224, 293, 0, 1828. ]
   - [ 225, 286, 0, 2854. ]
   - [ 226, 304, 0, 3840. ]
   - [ 227, 771, 0, 3428. ]
   - [ 228, 283, 0, 3345. ]
   - [ 229, 275, 0, 1542. ]
   - [ 230, 1385, 0, 3219. ]
   - [ 231, 325, 0, 3011. ]
   - [ 232, 294, 0, 2732. ]
   - [ 233, 1738, 0, 3134. ]
   - [ 234, 325, 0, 2234. ]
   - [ 235, 2362, 0, 4468. ]
   - [ 236, 531, 0, 3132. ]
   - [ 237, 295, 0, 2251. ]
   - [ 238, 286, 0, 2211. ]
   - [ 239, 304, 0, 2662. ]
   - [ 240, 25, 0, 1059. ]
   - [ 241, 322, 0, 1892. ]
   - [ 242, 327, 0, 1263. ]
   - [ 243, 359, 0, 2302. ]
   - [ 244, 1908, 0, 3468. ]
   - [ 245, 1029, 0, 3036. ]
   - [ 246, 326, 0, 1269. ]
   - [ 247, 1029, 0, 3255. ]
   - [ 248, 2151, 0, 3686. ]
   - [ 249, 127, 0, 1307. ]
   - [ 250, 1821, 0, 2379. ]
   - [ 251, 339, 0, 2733. ]
   - [ 252, 824, 0, 3833. ]
   - [ 253, 331, 0, 1961. ]
   - [ 254, 331, 0, 1904. ]
   - [ 255, 337, 0, 2739. ]
   - [ 256, 339, 0, 1375. ]
   - [ 257, 984, 0, 3493. ]
   - [ 258, 343, 0, 2019. ]
   - [ 259, 1676, 0, 2723. ]
   - [ 260, 168, 0, 3836. ]
   - [ 261, 1821, 0, 2586. ]
   - [ 262, 1054, 0, 3557. ]
   - [ 263, 347, 0, 1473. ]
   - [ 264, 2199, 0, 2740. ]
   - [ 265, 347, 0, 2506. ]
   - [ 266, 343, 0, 2405. ]
   - [ 267, 179, 0, 3663. ]
   - [ 268, 667, 0, 1495. ]
   - [ 269, 1002, 0, 3549. ]
   - [ 270, 2077, 0, 3045. ]
   - [ 271, 324, 0, 2357. ]
   - [ 272, 559, 0, 2855. ]
   - [ 273, 924, 0, 3293. ]
   - [ 274, 1447, 0, 2023. ]
   - [ 275, 2226, 0, 3269. ]
   - [ 276, 2192, 0, 2818. ]
   - [ 277, 1743, 0, 2953. ]
   - [ 278, 340, 0, 2425. ]
   - [ 279, 346, 0, 1193. ]
   - [ 280, 237, 0, 3149. ]
   - [ 281, 1880, 0, 1517. ]
   - [ 282, 2061, 0, 3412. ]
   - [ 283, 426, 0, 2958. ]
   - [ 284, 412, 0, 1991. ]
   - [ 285, 2214, 0, 3792. ]
   - [ 286, 1831, 0, 3629. ]
