%YAML:1.0
---
Matches:
   - [ 0, 131, 0, 59. ]
   - [ 1, 152, 0, 32. ]
   - [ 2, 29, 0, 71. ]
   - [ 3, 112, 0, 38. ]
   - [ 4, 40, 0, 51. ]
   - [ 5, 128, 0, 34. ]
   - [ 6, 150, 0, 31. ]
   - [ 7, 136, 0, 36. ]
   - [ 8, 189, 0, 21. ]
   - [ 9, 152, 0, 60. ]
   - [ 10, 51, 0, 53. ]
   - [ 11, 143, 0, 57. ]
   - [ 12, 460, 0, 59. ]
   - [ 13, 138, 0, 39. ]
   - [ 14, 170, 0, 47. ]
   - [ 15, 30, 0, 55. ]
   - [ 16, 270, 0, 34. ]
   - [ 17, 1, 0, 47. ]
   - [ 18, 187, 0, 43. ]
   - [ 19, 183, 0, 31. ]
   - [ 20, 34, 0, 60. ]
   - [ 21, 133, 0, 65. ]
   - [ 22, 184, 0, 74. ]
   - [ 23, 256, 0, 59. ]
   - [ 24, 132, 0, 62. ]
   - [ 25, 60, 0, 40. ]
   - [ 26, 111, 0, 58. ]
   - [ 27, 109, 0, 43. ]
   - [ 28, 447, 0, 53. ]
   - [ 29, 68, 0, 53. ]
   - [ 30, 181, 0, 24. ]
   - [ 31, 28, 0, 51. ]
   - [ 32, 118, 0, 24. ]
   - [ 33, 157, 0, 30. ]
   - [ 34, 76, 0, 31. ]
   - [ 35, 140, 0, 48. ]
   - [ 36, 106, 0, 70. ]
   - [ 37, 132, 0, 36. ]
   - [ 38, 476, 0, 67. ]
   - [ 39, 68, 0, 38. ]
   - [ 40, 175, 0, 52. ]
   - [ 41, 61, 0, 59. ]
   - [ 42, 164, 0, 24. ]
   - [ 43, 45, 0, 43. ]
   - [ 44, 146, 0, 56. ]
   - [ 45, 207, 0, 70. ]
   - [ 46, 161, 0, 35. ]
   - [ 47, 315, 0, 62. ]
   - [ 48, 54, 0, 50. ]
   - [ 49, 141, 0, 42. ]
   - [ 50, 457, 0, 57. ]
   - [ 51, 6, 0, 47. ]
   - [ 52, 145, 0, 41. ]
   - [ 53, 129, 0, 52. ]
   - [ 54, 125, 0, 38. ]
   - [ 55, 113, 0, 21. ]
   - [ 56, 0, 0, 51. ]
   - [ 57, 37, 0, 47. ]
   - [ 58, 92, 0, 63. ]
   - [ 59, 7, 0, 41. ]
   - [ 60, 119, 0, 26. ]
   - [ 61, 182, 0, 40. ]
   - [ 62, 115, 0, 44. ]
   - [ 63, 18, 0, 64. ]
   - [ 64, 117, 0, 32. ]
   - [ 65, 56, 0, 60. ]
   - [ 66, 32, 0, 54. ]
   - [ 67, 478, 0, 68. ]
   - [ 68, 160, 0, 54. ]
   - [ 69, 123, 0, 39. ]
   - [ 70, 22, 0, 31. ]
   - [ 71, 28, 0, 49. ]
   - [ 72, 334, 0, 57. ]
   - [ 73, 178, 0, 62. ]
   - [ 74, 192, 0, 30. ]
   - [ 75, 142, 0, 44. ]
   - [ 76, 139, 0, 45. ]
   - [ 77, 179, 0, 54. ]
   - [ 78, 178, 0, 56. ]
   - [ 79, 158, 0, 35. ]
   - [ 80, 475, 0, 52. ]
   - [ 81, 269, 0, 62. ]
   - [ 82, 185, 0, 48. ]
   - [ 83, 166, 0, 29. ]
   - [ 84, 380, 0, 54. ]
   - [ 85, 445, 0, 51. ]
   - [ 86, 137, 0, 45. ]
   - [ 87, 483, 0, 70. ]
   - [ 88, 176, 0, 24. ]
   - [ 89, 477, 0, 42. ]
   - [ 90, 121, 0, 53. ]
   - [ 91, 172, 0, 36. ]
   - [ 92, 270, 0, 43. ]
   - [ 93, 91, 0, 15. ]
   - [ 94, 479, 0, 70. ]
   - [ 95, 119, 0, 65. ]
   - [ 96, 164, 0, 57. ]
   - [ 97, 88, 0, 63. ]
   - [ 98, 126, 0, 46. ]
   - [ 99, 188, 0, 48. ]
   - [ 100, 318, 0, 54. ]
   - [ 101, 94, 0, 27. ]
   - [ 102, 99, 0, 25. ]
   - [ 103, 330, 0, 55. ]
   - [ 104, 93, 0, 18. ]
   - [ 105, 185, 0, 50. ]
   - [ 106, 269, 0, 33. ]
   - [ 107, 102, 0, 50. ]
   - [ 108, 97, 0, 44. ]
   - [ 109, 241, 0, 30. ]
   - [ 110, 447, 0, 65. ]
   - [ 111, 334, 0, 60. ]
   - [ 112, 249, 0, 38. ]
   - [ 113, 113, 0, 39. ]
   - [ 114, 248, 0, 44. ]
   - [ 115, 240, 0, 45. ]
   - [ 116, 225, 0, 51. ]
   - [ 117, 150, 0, 46. ]
   - [ 118, 111, 0, 36. ]
   - [ 119, 232, 0, 34. ]
   - [ 120, 152, 0, 42. ]
   - [ 121, 68, 0, 64. ]
   - [ 122, 40, 0, 73. ]
   - [ 123, 267, 0, 62. ]
   - [ 124, 139, 0, 41. ]
   - [ 125, 187, 0, 48. ]
   - [ 126, 245, 0, 39. ]
   - [ 127, 34, 0, 57. ]
   - [ 128, 112, 0, 48. ]
   - [ 129, 200, 0, 60. ]
   - [ 130, 1, 0, 71. ]
   - [ 131, 329, 0, 31. ]
   - [ 132, 251, 0, 47. ]
   - [ 133, 237, 0, 26. ]
   - [ 134, 211, 0, 51. ]
   - [ 135, 334, 0, 61. ]
   - [ 136, 222, 0, 62. ]
   - [ 137, 363, 0, 68. ]
   - [ 138, 210, 0, 50. ]
   - [ 139, 266, 0, 25. ]
   - [ 140, 334, 0, 56. ]
   - [ 141, 169, 0, 30. ]
   - [ 142, 213, 0, 25. ]
   - [ 143, 242, 0, 42. ]
   - [ 144, 201, 0, 43. ]
   - [ 145, 207, 0, 40. ]
   - [ 146, 212, 0, 46. ]
   - [ 147, 181, 0, 43. ]
   - [ 148, 212, 0, 28. ]
   - [ 149, 231, 0, 40. ]
   - [ 150, 180, 0, 48. ]
   - [ 151, 146, 0, 55. ]
   - [ 152, 137, 0, 47. ]
   - [ 153, 31, 0, 67. ]
   - [ 154, 229, 0, 33. ]
   - [ 155, 242, 0, 46. ]
   - [ 156, 166, 0, 48. ]
   - [ 157, 115, 0, 57. ]
   - [ 158, 216, 0, 55. ]
   - [ 159, 62, 0, 58. ]
   - [ 160, 125, 0, 32. ]
   - [ 161, 218, 0, 35. ]
   - [ 162, 217, 0, 41. ]
   - [ 163, 182, 0, 35. ]
   - [ 164, 19, 0, 69. ]
   - [ 165, 283, 0, 63. ]
   - [ 166, 144, 0, 72. ]
   - [ 167, 447, 0, 65. ]
   - [ 168, 132, 0, 44. ]
   - [ 169, 142, 0, 51. ]
   - [ 170, 184, 0, 58. ]
   - [ 171, 112, 0, 63. ]
   - [ 172, 378, 0, 49. ]
   - [ 173, 227, 0, 49. ]
   - [ 174, 228, 0, 40. ]
   - [ 175, 264, 0, 25. ]
   - [ 176, 190, 0, 29. ]
   - [ 177, 256, 0, 25. ]
   - [ 178, 176, 0, 48. ]
   - [ 179, 175, 0, 63. ]
   - [ 180, 158, 0, 53. ]
   - [ 181, 255, 0, 46. ]
   - [ 182, 258, 0, 35. ]
   - [ 183, 260, 0, 46. ]
   - [ 184, 427, 0, 50. ]
   - [ 185, 215, 0, 71. ]
   - [ 186, 281, 0, 72. ]
   - [ 187, 253, 0, 38. ]
   - [ 188, 91, 0, 21. ]
   - [ 189, 192, 0, 50. ]
   - [ 190, 178, 0, 39. ]
   - [ 191, 164, 0, 44. ]
   - [ 192, 336, 0, 52. ]
   - [ 193, 42, 0, 64. ]
   - [ 194, 191, 0, 34. ]
   - [ 195, 330, 0, 58. ]
   - [ 196, 387, 0, 62. ]
   - [ 197, 106, 0, 67. ]
   - [ 198, 251, 0, 65. ]
   - [ 199, 34, 0, 68. ]
   - [ 200, 201, 0, 57. ]
   - [ 201, 280, 0, 60. ]
   - [ 202, 477, 0, 68. ]
   - [ 203, 66, 0, 67. ]
   - [ 204, 260, 0, 37. ]
   - [ 205, 213, 0, 47. ]
   - [ 206, 202, 0, 55. ]
   - [ 207, 255, 0, 36. ]
   - [ 208, 285, 0, 51. ]
   - [ 209, 42, 0, 66. ]
   - [ 210, 262, 0, 49. ]
   - [ 211, 293, 0, 31. ]
   - [ 212, 247, 0, 40. ]
   - [ 213, 279, 0, 56. ]
   - [ 214, 110, 0, 62. ]
   - [ 215, 248, 0, 65. ]
   - [ 216, 242, 0, 42. ]
   - [ 217, 232, 0, 66. ]
   - [ 218, 283, 0, 69. ]
   - [ 219, 268, 0, 69. ]
   - [ 220, 294, 0, 54. ]
   - [ 221, 476, 0, 67. ]
   - [ 222, 294, 0, 64. ]
   - [ 223, 215, 0, 27. ]
   - [ 224, 239, 0, 60. ]
   - [ 225, 291, 0, 44. ]
   - [ 226, 294, 0, 41. ]
   - [ 227, 307, 0, 32. ]
   - [ 228, 239, 0, 52. ]
   - [ 229, 307, 0, 46. ]
   - [ 230, 225, 0, 35. ]
   - [ 231, 48, 0, 73. ]
   - [ 232, 290, 0, 40. ]
   - [ 233, 209, 0, 34. ]
   - [ 234, 231, 0, 53. ]
   - [ 235, 286, 0, 37. ]
   - [ 236, 234, 0, 27. ]
   - [ 237, 226, 0, 53. ]
   - [ 238, 200, 0, 45. ]
   - [ 239, 220, 0, 42. ]
   - [ 240, 217, 0, 32. ]
   - [ 241, 227, 0, 42. ]
   - [ 242, 217, 0, 56. ]
   - [ 243, 288, 0, 37. ]
   - [ 244, 376, 0, 37. ]
   - [ 245, 275, 0, 24. ]
   - [ 246, 264, 0, 31. ]
   - [ 247, 257, 0, 22. ]
   - [ 248, 477, 0, 57. ]
   - [ 249, 471, 0, 61. ]
   - [ 250, 369, 0, 54. ]
   - [ 251, 91, 0, 23. ]
   - [ 252, 322, 0, 41. ]
   - [ 253, 254, 0, 51. ]
   - [ 254, 266, 0, 34. ]
   - [ 255, 382, 0, 58. ]
   - [ 256, 334, 0, 56. ]
   - [ 257, 281, 0, 57. ]
   - [ 258, 418, 0, 62. ]
   - [ 259, 345, 0, 62. ]
   - [ 260, 208, 0, 45. ]
   - [ 261, 258, 0, 30. ]
   - [ 262, 456, 0, 51. ]
   - [ 263, 332, 0, 55. ]
   - [ 264, 384, 0, 36. ]
   - [ 265, 9, 0, 69. ]
   - [ 266, 25, 0, 69. ]
   - [ 267, 273, 0, 67. ]
   - [ 268, 384, 0, 29. ]
   - [ 269, 397, 0, 65. ]
   - [ 270, 333, 0, 41. ]
   - [ 271, 97, 0, 66. ]
   - [ 272, 314, 0, 40. ]
   - [ 273, 396, 0, 46. ]
   - [ 274, 279, 0, 28. ]
   - [ 275, 53, 0, 65. ]
   - [ 276, 288, 0, 30. ]
   - [ 277, 295, 0, 59. ]
   - [ 278, 284, 0, 40. ]
   - [ 279, 34, 0, 51. ]
   - [ 280, 325, 0, 47. ]
   - [ 281, 300, 0, 64. ]
   - [ 282, 215, 0, 59. ]
   - [ 283, 278, 0, 37. ]
   - [ 284, 295, 0, 31. ]
   - [ 285, 298, 0, 37. ]
   - [ 286, 466, 0, 67. ]
   - [ 287, 442, 0, 69. ]
   - [ 288, 250, 0, 59. ]
   - [ 289, 295, 0, 39. ]
   - [ 290, 171, 0, 58. ]
   - [ 291, 350, 0, 41. ]
   - [ 292, 203, 0, 47. ]
   - [ 293, 355, 0, 57. ]
   - [ 294, 337, 0, 62. ]
   - [ 295, 277, 0, 32. ]
   - [ 296, 340, 0, 56. ]
   - [ 297, 475, 0, 66. ]
   - [ 298, 302, 0, 64. ]
   - [ 299, 284, 0, 64. ]
   - [ 300, 285, 0, 40. ]
   - [ 301, 73, 0, 63. ]
   - [ 302, 351, 0, 43. ]
   - [ 303, 259, 0, 50. ]
   - [ 304, 297, 0, 38. ]
   - [ 305, 315, 0, 54. ]
   - [ 306, 28, 0, 68. ]
   - [ 307, 363, 0, 45. ]
   - [ 308, 366, 0, 28. ]
   - [ 309, 369, 0, 38. ]
   - [ 310, 460, 0, 67. ]
   - [ 311, 489, 0, 51. ]
   - [ 312, 323, 0, 67. ]
