%YAML:1.0
---
Matches:
   - [ 0, 427, 0, 3.7020941162109375e+02 ]
   - [ 1, 152, 0, 3.3405239868164063e+02 ]
   - [ 2, 432, 0, 3.9518603515625000e+02 ]
   - [ 3, 112, 0, 2.9506439208984375e+02 ]
   - [ 4, 40, 0, 3.2213662719726563e+02 ]
   - [ 5, 128, 0, 2.5890924072265625e+02 ]
   - [ 6, 150, 0, 1.9615299987792969e+02 ]
   - [ 7, 53, 0, 3.2251977539062500e+02 ]
   - [ 8, 189, 0, 2.2865475463867188e+02 ]
   - [ 9, 152, 0, 3.6471905517578125e+02 ]
   - [ 10, 232, 0, 2.6908178710937500e+02 ]
   - [ 11, 431, 0, 4.0314389038085938e+02 ]
   - [ 12, 89, 0, 3.6835580444335938e+02 ]
   - [ 13, 70, 0, 3.6040393066406250e+02 ]
   - [ 14, 170, 0, 3.4889398193359375e+02 ]
   - [ 15, 467, 0, 3.5275061035156250e+02 ]
   - [ 16, 270, 0, 1.5476110839843750e+02 ]
   - [ 17, 1, 0, 3.4528103637695313e+02 ]
   - [ 18, 187, 0, 3.2945712280273438e+02 ]
   - [ 19, 183, 0, 2.6797201538085938e+02 ]
   - [ 20, 60, 0, 3.7240704345703125e+02 ]
   - [ 21, 31, 0, 3.8213610839843750e+02 ]
   - [ 22, 481, 0, 4.0357775878906250e+02 ]
   - [ 23, 293, 0, 3.2661904907226563e+02 ]
   - [ 24, 479, 0, 3.8871453857421875e+02 ]
   - [ 25, 138, 0, 4.0315258789062500e+02 ]
   - [ 26, 99, 0, 3.7920971679687500e+02 ]
   - [ 27, 109, 0, 2.9830017089843750e+02 ]
   - [ 28, 36, 0, 3.0911810302734375e+02 ]
   - [ 29, 68, 0, 2.9113226318359375e+02 ]
   - [ 30, 181, 0, 2.2562358093261719e+02 ]
   - [ 31, 331, 0, 3.9117260742187500e+02 ]
   - [ 32, 20, 0, 2.6509432983398438e+02 ]
   - [ 33, 157, 0, 2.6356973266601563e+02 ]
   - [ 34, 76, 0, 2.2115379333496094e+02 ]
   - [ 35, 140, 0, 3.3452502441406250e+02 ]
   - [ 36, 143, 0, 4.4123803710937500e+02 ]
   - [ 37, 49, 0, 3.1310382080078125e+02 ]
   - [ 38, 476, 0, 4.0272570800781250e+02 ]
   - [ 39, 68, 0, 2.4280032348632813e+02 ]
   - [ 40, 175, 0, 4.2141784667968750e+02 ]
   - [ 41, 61, 0, 3.5022991943359375e+02 ]
   - [ 42, 164, 0, 1.8633303833007813e+02 ]
   - [ 43, 45, 0, 3.9330267333984375e+02 ]
   - [ 44, 25, 0, 3.8504803466796875e+02 ]
   - [ 45, 38, 0, 4.0031488037109375e+02 ]
   - [ 46, 161, 0, 3.2875521850585938e+02 ]
   - [ 47, 131, 0, 4.0976577758789063e+02 ]
   - [ 48, 340, 0, 3.4293438720703125e+02 ]
   - [ 49, 141, 0, 2.7619195556640625e+02 ]
   - [ 50, 39, 0, 3.6831643676757813e+02 ]
   - [ 51, 160, 0, 3.4891976928710938e+02 ]
   - [ 52, 145, 0, 3.1356976318359375e+02 ]
   - [ 53, 13, 0, 3.1724752807617188e+02 ]
   - [ 54, 468, 0, 3.3372143554687500e+02 ]
   - [ 55, 113, 0, 1.3983561706542969e+02 ]
   - [ 56, 66, 0, 3.8429156494140625e+02 ]
   - [ 57, 37, 0, 3.8318664550781250e+02 ]
   - [ 58, 95, 0, 3.9489492797851563e+02 ]
   - [ 59, 7, 0, 3.4816232299804688e+02 ]
   - [ 60, 119, 0, 2.7692056274414063e+02 ]
   - [ 61, 182, 0, 3.5845361328125000e+02 ]
   - [ 62, 401, 0, 3.6639596557617188e+02 ]
   - [ 63, 17, 0, 3.4895703125000000e+02 ]
   - [ 64, 117, 0, 3.2906838989257813e+02 ]
   - [ 65, 249, 0, 3.6028878784179688e+02 ]
   - [ 66, 407, 0, 4.1086859130859375e+02 ]
   - [ 67, 291, 0, 3.8835809326171875e+02 ]
   - [ 68, 463, 0, 2.3687971496582031e+02 ]
   - [ 69, 123, 0, 3.5507464599609375e+02 ]
   - [ 70, 22, 0, 3.0333480834960938e+02 ]
   - [ 71, 471, 0, 3.4688037109375000e+02 ]
   - [ 72, 261, 0, 3.6380902099609375e+02 ]
   - [ 73, 159, 0, 3.8909381103515625e+02 ]
   - [ 74, 192, 0, 3.3732772827148438e+02 ]
   - [ 75, 142, 0, 3.5771496582031250e+02 ]
   - [ 76, 139, 0, 3.7569403076171875e+02 ]
   - [ 77, 478, 0, 3.5105270385742188e+02 ]
   - [ 78, 178, 0, 2.7941546630859375e+02 ]
   - [ 79, 158, 0, 3.7963800048828125e+02 ]
   - [ 80, 174, 0, 3.3889526367187500e+02 ]
   - [ 81, 62, 0, 3.7017156982421875e+02 ]
   - [ 82, 39, 0, 3.9322512817382813e+02 ]
   - [ 83, 166, 0, 3.2194253540039063e+02 ]
   - [ 84, 194, 0, 3.8332754516601563e+02 ]
   - [ 85, 460, 0, 3.3537591552734375e+02 ]
   - [ 86, 246, 0, 3.5897076416015625e+02 ]
   - [ 87, 155, 0, 3.8311618041992188e+02 ]
   - [ 88, 176, 0, 2.4960368347167969e+02 ]
   - [ 89, 197, 0, 2.8175167846679688e+02 ]
   - [ 90, 331, 0, 3.5302691650390625e+02 ]
   - [ 91, 172, 0, 2.4473454284667969e+02 ]
   - [ 92, 270, 0, 3.1297921752929688e+02 ]
   - [ 93, 91, 0, 1.2814834594726563e+02 ]
   - [ 94, 101, 0, 4.4939181518554688e+02 ]
   - [ 95, 213, 0, 3.4314718627929688e+02 ]
   - [ 96, 418, 0, 3.8497793579101563e+02 ]
   - [ 97, 112, 0, 3.3975726318359375e+02 ]
   - [ 98, 126, 0, 3.6760305786132813e+02 ]
   - [ 99, 259, 0, 3.4186840820312500e+02 ]
   - [ 100, 320, 0, 3.4133413696289063e+02 ]
   - [ 101, 94, 0, 1.6416760253906250e+02 ]
   - [ 102, 99, 0, 2.6253762817382813e+02 ]
   - [ 103, 229, 0, 3.6707220458984375e+02 ]
   - [ 104, 93, 0, 1.2586103820800781e+02 ]
   - [ 105, 425, 0, 3.9669509887695313e+02 ]
   - [ 106, 269, 0, 2.9357452392578125e+02 ]
   - [ 107, 204, 0, 4.0084909057617188e+02 ]
   - [ 108, 97, 0, 2.8292047119140625e+02 ]
   - [ 109, 241, 0, 3.0510327148437500e+02 ]
   - [ 110, 253, 0, 4.2794158935546875e+02 ]
   - [ 111, 401, 0, 2.9585299682617188e+02 ]
   - [ 112, 249, 0, 2.7121023559570313e+02 ]
   - [ 113, 113, 0, 3.0291748046875000e+02 ]
   - [ 114, 394, 0, 3.9740533447265625e+02 ]
   - [ 115, 313, 0, 2.4196487426757813e+02 ]
   - [ 116, 225, 0, 2.9976324462890625e+02 ]
   - [ 117, 150, 0, 3.3459378051757813e+02 ]
   - [ 118, 111, 0, 3.9135787963867188e+02 ]
   - [ 119, 232, 0, 3.5627096557617188e+02 ]
   - [ 120, 152, 0, 3.5436843872070313e+02 ]
   - [ 121, 231, 0, 3.8916320800781250e+02 ]
   - [ 122, 253, 0, 3.6164346313476563e+02 ]
   - [ 123, 437, 0, 3.7171359252929688e+02 ]
   - [ 124, 177, 0, 3.5640286254882813e+02 ]
   - [ 125, 239, 0, 3.2124444580078125e+02 ]
   - [ 126, 245, 0, 3.3698220825195313e+02 ]
   - [ 127, 383, 0, 3.1839285278320313e+02 ]
   - [ 128, 233, 0, 3.0190893554687500e+02 ]
   - [ 129, 109, 0, 3.5763250732421875e+02 ]
   - [ 130, 109, 0, 4.1913125610351563e+02 ]
   - [ 131, 329, 0, 2.8324548339843750e+02 ]
   - [ 132, 184, 0, 3.6701907348632813e+02 ]
   - [ 133, 237, 0, 2.1021655273437500e+02 ]
   - [ 134, 211, 0, 3.6008609008789063e+02 ]
   - [ 135, 239, 0, 4.1036691284179688e+02 ]
   - [ 136, 123, 0, 3.9933193969726563e+02 ]
   - [ 137, 89, 0, 3.8356225585937500e+02 ]
   - [ 138, 210, 0, 3.7769564819335938e+02 ]
   - [ 139, 266, 0, 3.1114144897460938e+02 ]
   - [ 140, 127, 0, 3.8506753540039063e+02 ]
   - [ 141, 169, 0, 3.2361395263671875e+02 ]
   - [ 142, 213, 0, 2.0005499267578125e+02 ]
   - [ 143, 106, 0, 4.0252700805664063e+02 ]
   - [ 144, 201, 0, 3.4665112304687500e+02 ]
   - [ 145, 207, 0, 2.9316888427734375e+02 ]
   - [ 146, 212, 0, 3.1083758544921875e+02 ]
   - [ 147, 320, 0, 3.5321524047851563e+02 ]
   - [ 148, 143, 0, 1.6396646118164063e+02 ]
   - [ 149, 231, 0, 3.1852941894531250e+02 ]
   - [ 150, 180, 0, 3.8065075683593750e+02 ]
   - [ 151, 228, 0, 3.8535568237304688e+02 ]
   - [ 152, 135, 0, 3.5687393188476563e+02 ]
   - [ 153, 333, 0, 3.5792318725585938e+02 ]
   - [ 154, 229, 0, 3.0039306640625000e+02 ]
   - [ 155, 244, 0, 3.8541146850585938e+02 ]
   - [ 156, 391, 0, 3.6896478271484375e+02 ]
   - [ 157, 115, 0, 3.4781317138671875e+02 ]
   - [ 158, 389, 0, 4.1557189941406250e+02 ]
   - [ 159, 151, 0, 3.6724923706054688e+02 ]
   - [ 160, 325, 0, 2.7732650756835938e+02 ]
   - [ 161, 120, 0, 3.2329861450195313e+02 ]
   - [ 162, 112, 0, 3.7333496093750000e+02 ]
   - [ 163, 323, 0, 4.0815194702148438e+02 ]
   - [ 164, 374, 0, 4.0370037841796875e+02 ]
   - [ 165, 133, 0, 3.2985906982421875e+02 ]
   - [ 166, 342, 0, 3.8736804199218750e+02 ]
   - [ 167, 406, 0, 3.9812561035156250e+02 ]
   - [ 168, 226, 0, 3.1009191894531250e+02 ]
   - [ 169, 142, 0, 3.3471032714843750e+02 ]
   - [ 170, 12, 0, 3.5942315673828125e+02 ]
   - [ 171, 112, 0, 3.8224859619140625e+02 ]
   - [ 172, 271, 0, 2.6817532348632813e+02 ]
   - [ 173, 227, 0, 3.7016076660156250e+02 ]
   - [ 174, 228, 0, 3.2998486328125000e+02 ]
   - [ 175, 157, 0, 2.8931988525390625e+02 ]
   - [ 176, 190, 0, 2.9546234130859375e+02 ]
   - [ 177, 256, 0, 2.7090588378906250e+02 ]
   - [ 178, 262, 0, 3.3172879028320313e+02 ]
   - [ 179, 404, 0, 4.3668524169921875e+02 ]
