%YAML:1.0
---
Matches:
   - [ 0, 131, 0, 1437. ]
   - [ 1, 152, 0, 1111. ]
   - [ 2, 432, 0, 1776. ]
   - [ 3, 112, 0, 991. ]
   - [ 4, 40, 0, 1200. ]
   - [ 5, 128, 0, 746. ]
   - [ 6, 150, 0, 642. ]
   - [ 7, 136, 0, 1046. ]
   - [ 8, 189, 0, 629. ]
   - [ 9, 152, 0, 1440. ]
   - [ 10, 232, 0, 1273. ]
   - [ 11, 206, 0, 1733. ]
   - [ 12, 65, 0, 1544. ]
   - [ 13, 70, 0, 1279. ]
   - [ 14, 170, 0, 1379. ]
   - [ 15, 95, 0, 1459. ]
   - [ 16, 270, 0, 539. ]
   - [ 17, 1, 0, 1235. ]
   - [ 18, 187, 0, 1186. ]
   - [ 19, 183, 0, 887. ]
   - [ 20, 383, 0, 1467. ]
   - [ 21, 31, 0, 1582. ]
   - [ 22, 481, 0, 1713. ]
   - [ 23, 293, 0, 1256. ]
   - [ 24, 479, 0, 1743. ]
   - [ 25, 138, 0, 1456. ]
   - [ 26, 99, 0, 1420. ]
   - [ 27, 109, 0, 1051. ]
   - [ 28, 104, 0, 1330. ]
   - [ 29, 68, 0, 1146. ]
   - [ 30, 181, 0, 668. ]
   - [ 31, 331, 0, 1514. ]
   - [ 32, 118, 0, 791. ]
   - [ 33, 157, 0, 721. ]
   - [ 34, 76, 0, 671. ]
   - [ 35, 140, 0, 1199. ]
   - [ 36, 390, 0, 1860. ]
   - [ 37, 49, 0, 1112. ]
   - [ 38, 476, 0, 1646. ]
   - [ 39, 68, 0, 828. ]
   - [ 40, 175, 0, 1607. ]
   - [ 41, 61, 0, 1509. ]
   - [ 42, 164, 0, 560. ]
   - [ 43, 45, 0, 1483. ]
   - [ 44, 182, 0, 1652. ]
   - [ 45, 38, 0, 1690. ]
   - [ 46, 161, 0, 1066. ]
   - [ 47, 488, 0, 1726. ]
   - [ 48, 123, 0, 1504. ]
   - [ 49, 141, 0, 932. ]
   - [ 50, 39, 0, 1355. ]
   - [ 51, 6, 0, 1330. ]
   - [ 52, 145, 0, 1118. ]
   - [ 53, 13, 0, 1414. ]
   - [ 54, 125, 0, 1252. ]
   - [ 55, 113, 0, 396. ]
   - [ 56, 66, 0, 1378. ]
   - [ 57, 37, 0, 1312. ]
   - [ 58, 463, 0, 1776. ]
   - [ 59, 7, 0, 1315. ]
   - [ 60, 119, 0, 779. ]
   - [ 61, 182, 0, 1333. ]
   - [ 62, 115, 0, 1360. ]
   - [ 63, 17, 0, 1517. ]
   - [ 64, 117, 0, 1176. ]
   - [ 65, 249, 0, 1430. ]
   - [ 66, 32, 0, 1644. ]
   - [ 67, 88, 0, 1627. ]
   - [ 68, 494, 0, 1063. ]
   - [ 69, 123, 0, 1270. ]
   - [ 70, 22, 0, 854. ]
   - [ 71, 28, 0, 1382. ]
   - [ 72, 15, 0, 1596. ]
   - [ 73, 159, 0, 1806. ]
   - [ 74, 192, 0, 996. ]
   - [ 75, 142, 0, 1316. ]
   - [ 76, 139, 0, 1560. ]
   - [ 77, 478, 0, 1290. ]
   - [ 78, 178, 0, 1059. ]
   - [ 79, 158, 0, 1377. ]
   - [ 80, 36, 0, 1310. ]
   - [ 81, 227, 0, 1602. ]
   - [ 82, 185, 0, 1512. ]
   - [ 83, 166, 0, 979. ]
   - [ 84, 194, 0, 1506. ]
   - [ 85, 160, 0, 1382. ]
   - [ 86, 137, 0, 1299. ]
   - [ 87, 363, 0, 1615. ]
   - [ 88, 176, 0, 686. ]
   - [ 89, 197, 0, 1052. ]
   - [ 90, 331, 0, 1550. ]
   - [ 91, 172, 0, 805. ]
   - [ 92, 270, 0, 928. ]
   - [ 93, 91, 0, 352. ]
   - [ 94, 264, 0, 1931. ]
   - [ 95, 213, 0, 1356. ]
   - [ 96, 418, 0, 1550. ]
   - [ 97, 222, 0, 1481. ]
   - [ 98, 126, 0, 1428. ]
   - [ 99, 272, 0, 1231. ]
   - [ 100, 165, 0, 1313. ]
   - [ 101, 94, 0, 415. ]
   - [ 102, 99, 0, 732. ]
   - [ 103, 377, 0, 1511. ]
   - [ 104, 93, 0, 337. ]
   - [ 105, 425, 0, 1531. ]
   - [ 106, 269, 0, 966. ]
   - [ 107, 359, 0, 1775. ]
   - [ 108, 97, 0, 1020. ]
   - [ 109, 241, 0, 920. ]
   - [ 110, 479, 0, 1839. ]
   - [ 111, 401, 0, 1241. ]
   - [ 112, 249, 0, 875. ]
   - [ 113, 113, 0, 1069. ]
   - [ 114, 126, 0, 1665. ]
   - [ 115, 313, 0, 973. ]
   - [ 116, 225, 0, 1002. ]
   - [ 117, 150, 0, 1237. ]
   - [ 118, 111, 0, 1505. ]
   - [ 119, 232, 0, 1245. ]
   - [ 120, 152, 0, 1175. ]
   - [ 121, 231, 0, 1568. ]
   - [ 122, 102, 0, 1446. ]
   - [ 123, 267, 0, 1571. ]
   - [ 124, 139, 0, 1381. ]
   - [ 125, 239, 0, 1102. ]
   - [ 126, 245, 0, 1139. ]
   - [ 127, 383, 0, 1192. ]
   - [ 128, 233, 0, 1215. ]
   - [ 129, 266, 0, 1598. ]
   - [ 130, 100, 0, 1800. ]
   - [ 131, 329, 0, 816. ]
   - [ 132, 170, 0, 1590. ]
   - [ 133, 237, 0, 645. ]
   - [ 134, 211, 0, 1406. ]
   - [ 135, 334, 0, 1800. ]
   - [ 136, 123, 0, 1542. ]
   - [ 137, 89, 0, 1712. ]
   - [ 138, 210, 0, 1348. ]
   - [ 139, 266, 0, 941. ]
   - [ 140, 430, 0, 1585. ]
   - [ 141, 169, 0, 1090. ]
   - [ 142, 213, 0, 496. ]
   - [ 143, 242, 0, 1487. ]
   - [ 144, 201, 0, 1155. ]
   - [ 145, 207, 0, 1004. ]
   - [ 146, 212, 0, 1072. ]
   - [ 147, 320, 0, 1445. ]
   - [ 148, 143, 0, 491. ]
   - [ 149, 231, 0, 1045. ]
   - [ 150, 180, 0, 1417. ]
   - [ 151, 228, 0, 1613. ]
   - [ 152, 224, 0, 1237. ]
   - [ 153, 333, 0, 1551. ]
   - [ 154, 229, 0, 892. ]
   - [ 155, 123, 0, 1464. ]
   - [ 156, 166, 0, 1392. ]
   - [ 157, 115, 0, 1382. ]
   - [ 158, 216, 0, 1694. ]
   - [ 159, 151, 0, 1592. ]
   - [ 160, 125, 0, 1107. ]
   - [ 161, 120, 0, 1064. ]
   - [ 162, 112, 0, 1511. ]
   - [ 163, 182, 0, 1619. ]
   - [ 164, 250, 0, 1599. ]
   - [ 165, 133, 0, 1329. ]
   - [ 166, 342, 0, 1786. ]
   - [ 167, 406, 0, 1794. ]
   - [ 168, 226, 0, 1243. ]
   - [ 169, 142, 0, 1185. ]
   - [ 170, 12, 0, 1471. ]
   - [ 171, 112, 0, 1562. ]
   - [ 172, 378, 0, 973. ]
   - [ 173, 227, 0, 1395. ]
   - [ 174, 228, 0, 1146. ]
   - [ 175, 157, 0, 1002. ]
   - [ 176, 190, 0, 908. ]
   - [ 177, 256, 0, 814. ]
   - [ 178, 262, 0, 1044. ]
   - [ 179, 404, 0, 1858. ]
   - [ 180, 179, 0, 1292. ]
   - [ 181, 215, 0, 1632. ]
   - [ 182, 156, 0, 1101. ]
   - [ 183, 260, 0, 1402. ]
   - [ 184, 270, 0, 1092. ]
   - [ 185, 180, 0, 1853. ]
   - [ 186, 353, 0, 1675. ]
   - [ 187, 253, 0, 957. ]
   - [ 188, 91, 0, 664. ]
   - [ 189, 192, 0, 1116. ]
   - [ 190, 178, 0, 1266. ]
   - [ 191, 164, 0, 1331. ]
   - [ 192, 394, 0, 1499. ]
   - [ 193, 366, 0, 1602. ]
   - [ 194, 191, 0, 821. ]
   - [ 195, 300, 0, 1729. ]
   - [ 196, 353, 0, 1365. ]
   - [ 197, 222, 0, 1399. ]
   - [ 198, 373, 0, 1778. ]
   - [ 199, 20, 0, 1748. ]
   - [ 200, 499, 0, 1463. ]
   - [ 201, 280, 0, 1676. ]
   - [ 202, 473, 0, 1461. ]
   - [ 203, 287, 0, 1535. ]
   - [ 204, 260, 0, 1112. ]
   - [ 205, 213, 0, 1036. ]
   - [ 206, 233, 0, 1424. ]
   - [ 207, 255, 0, 1000. ]
   - [ 208, 230, 0, 1242. ]
   - [ 209, 288, 0, 1584. ]
   - [ 210, 262, 0, 1050. ]
   - [ 211, 293, 0, 865. ]
   - [ 212, 247, 0, 1010. ]
   - [ 213, 436, 0, 1600. ]
   - [ 214, 207, 0, 1176. ]
   - [ 215, 228, 0, 1685. ]
   - [ 216, 312, 0, 1525. ]
   - [ 217, 383, 0, 1603. ]
   - [ 218, 283, 0, 1521. ]
   - [ 219, 341, 0, 1585. ]
   - [ 220, 294, 0, 1310. ]
   - [ 221, 356, 0, 1647. ]
   - [ 222, 104, 0, 1763. ]
   - [ 223, 233, 0, 836. ]
   - [ 224, 473, 0, 1658. ]
   - [ 225, 291, 0, 1611. ]
   - [ 226, 294, 0, 1264. ]
   - [ 227, 307, 0, 1011. ]
   - [ 228, 248, 0, 1430. ]
   - [ 229, 307, 0, 1007. ]
   - [ 230, 225, 0, 993. ]
   - [ 231, 120, 0, 1688. ]
   - [ 232, 228, 0, 1361. ]
   - [ 233, 209, 0, 940. ]
   - [ 234, 181, 0, 1535. ]
   - [ 235, 286, 0, 951. ]
   - [ 236, 234, 0, 797. ]
   - [ 237, 278, 0, 1449. ]
   - [ 238, 200, 0, 1348. ]
   - [ 239, 252, 0, 1043. ]
   - [ 240, 217, 0, 1132. ]
   - [ 241, 227, 0, 965. ]
   - [ 242, 475, 0, 1688. ]
   - [ 243, 288, 0, 1272. ]
   - [ 244, 119, 0, 1330. ]
   - [ 245, 275, 0, 753. ]
   - [ 246, 396, 0, 1381. ]
   - [ 247, 257, 0, 460. ]
   - [ 248, 283, 0, 1479. ]
   - [ 249, 372, 0, 1230. ]
   - [ 250, 36, 0, 1541. ]
   - [ 251, 91, 0, 768. ]
   - [ 252, 322, 0, 883. ]
   - [ 253, 257, 0, 1473. ]
   - [ 254, 266, 0, 1265. ]
   - [ 255, 336, 0, 1447. ]
   - [ 256, 258, 0, 1329. ]
   - [ 257, 281, 0, 1256. ]
   - [ 258, 382, 0, 1546. ]
   - [ 259, 345, 0, 1271. ]
   - [ 260, 208, 0, 1240. ]
   - [ 261, 258, 0, 839. ]
   - [ 262, 330, 0, 1535. ]
   - [ 263, 28, 0, 1661. ]
   - [ 264, 384, 0, 1090. ]
   - [ 265, 246, 0, 1581. ]
   - [ 266, 428, 0, 1747. ]
   - [ 267, 273, 0, 1608. ]
   - [ 268, 384, 0, 819. ]
   - [ 269, 216, 0, 1687. ]
   - [ 270, 333, 0, 1071. ]
   - [ 271, 254, 0, 1463. ]
   - [ 272, 314, 0, 1123. ]
   - [ 273, 427, 0, 1565. ]
   - [ 274, 279, 0, 808. ]
   - [ 275, 338, 0, 1307. ]
   - [ 276, 288, 0, 825. ]
   - [ 277, 295, 0, 1312. ]
   - [ 278, 284, 0, 1347. ]
   - [ 279, 64, 0, 1578. ]
   - [ 280, 325, 0, 1206. ]
   - [ 281, 256, 0, 1500. ]
   - [ 282, 483, 0, 1645. ]
   - [ 283, 278, 0, 900. ]
   - [ 284, 295, 0, 647. ]
   - [ 285, 298, 0, 1192. ]
   - [ 286, 186, 0, 1656. ]
   - [ 287, 180, 0, 1504. ]
   - [ 288, 202, 0, 1583. ]
   - [ 289, 295, 0, 1169. ]
   - [ 290, 437, 0, 1651. ]
   - [ 291, 350, 0, 1011. ]
